Config *****   add_len: 0
Config *****   att: 4
Config *****   batch_size: 1000
Config *****   feature_len: 20
Config *****   loop: 10
Config *****   lr: 0.001
Config *****   memory_size: 10000
Config *****   multi: 10
Config *****   netFile: s6
Config *****   nodes_1_feature: 32
Config *****   nodes_2_base: 512, 64
Config *****   nodes_3_stack: 512, 64
Config *****   nodes_4_ref: 32
Config *****   num_output: 3
Config *****   t_scale: 10
Config *****   te0: p_files/heads_Test_cv_s3.p
Config *****   tr0: p_files/heads_Train_cv_s3.p
loading /Users/weihao/Projects/p_files/heads_Train_cv_s3.p 0:00:01.384088 5988 5988 231 2.6155421275505453
Step 5988 5988
loading /Users/weihao/Projects/p_files/heads_Test_cv_s3.p 0:00:01.536611 5988 914 274 2.6539868367062818
Step 914 914
loading /Users/weihao/Projects/p_files/heads_Train_cv_s3.p 0:00:01.292091 5988 887 231 2.6155421275505453
Step 887 887
input attribute 4 LR 0.001 feature 20
feature_0 4 32
average_0 640 512
average_1 512 64
stacker_0 96 512
stacker_1 512 64
outputs_0 64 32
outputs_1 32 3
2019-02-05 19:26:45.176648: I tensorflow/core/platform/cpu_feature_guard.cc:140] Your CPU supports instructions that this TensorFlow binary was not compiled to use: AVX2 FMA
it: 0.000 0.000 1.00e-03 267.721 263.865 10.307 10.654  267.417 263.428 10.385 10.639  267.433 263.516 10.357 10.653
it: 0.010 0.032 1.00e-03 213.383 194.640 9.239 9.487  174.786 151.335 8.282 8.628  170.396 148.239 8.498 8.698  237.568 217.672 218.314
it: 0.020 0.063 9.90e-04 181.889 171.871 8.495 9.364  139.317 127.142 8.021 8.098  133.867 126.018 7.774 7.818  190.635 146.170 146.120
it: 0.030 0.096 9.90e-04 151.278 150.241 8.372 8.693  78.216 83.085 5.741 6.605  69.033 81.450 5.705 6.380  165.445 100.787 100.717
it: 0.040 0.129 9.80e-04 145.436 136.607 7.777 8.659  73.490 82.439 5.709 6.339  62.961 77.432 5.467 6.226  149.017 73.675 73.665
it: 0.050 0.160 9.80e-04 135.482 130.517 7.858 8.023  66.073 77.703 5.359 6.017  59.855 74.400 5.216 5.934  139.607 63.403 63.357
it: 0.060 0.192 9.70e-04 123.601 127.472 7.317 7.908  57.503 77.890 5.033 6.105  53.906 70.927 4.984 5.992  131.515 57.475 57.362
it: 0.070 0.224 9.70e-04 122.067 127.756 7.463 7.800  54.924 77.478 5.003 5.927  47.800 74.078 4.606 5.805  124.643 54.555 54.465
it: 0.080 0.255 9.61e-04 108.931 115.160 7.101 7.529  51.276 71.483 4.568 5.839  45.327 67.956 4.356 5.769  118.010 50.367 50.245
it: 0.090 0.287 9.61e-04 107.288 116.689 6.746 7.534  47.715 74.520 4.653 5.764  43.506 72.158 4.421 5.727  111.974 47.815 47.682
it: 0.100 0.320 9.51e-04 101.251 114.281 6.949 7.375  45.040 66.787 4.437 5.785  37.736 65.260 4.208 5.622  107.234 44.036 43.897
it: 0.110 0.352 9.51e-04 101.770 105.265 6.703 7.203  47.192 70.912 4.575 5.924  42.608 68.834 4.441 5.814  102.870 40.699 40.567
it: 0.120 0.384 9.41e-04 96.476 102.098 6.601 7.147  40.647 70.561 4.251 5.906  37.128 70.089 4.077 5.883  99.191 37.756 37.581
it: 0.130 0.416 9.41e-04 96.524 102.142 6.426 7.000  37.440 69.476 4.118 5.810  32.346 69.696 3.917 5.901  95.624 34.756 34.572
it: 0.140 0.448 9.32e-04 90.504 106.180 6.525 7.200  34.272 69.272 3.766 5.698  27.990 66.521 3.573 5.363  92.344 32.450 32.257
it: 0.150 0.480 9.32e-04 89.011 97.520 6.340 6.987  35.248 62.716 3.915 5.512  30.846 64.086 3.748 5.629  89.946 30.927 30.739
it: 0.160 0.512 9.23e-04 84.587 96.924 5.932 6.863  32.482 68.496 3.689 5.527  27.807 63.275 3.521 5.326  87.840 29.521 29.337
it: 0.170 0.545 9.23e-04 84.215 101.133 6.032 7.149  32.313 66.498 3.745 5.609  26.617 62.248 3.364 5.407  85.756 28.174 27.978
it: 0.180 0.577 9.14e-04 84.213 96.196 5.889 6.899  30.936 69.298 3.564 5.558  25.938 60.802 3.551 5.310  84.391 27.555 27.350
it: 0.190 0.610 9.14e-04 83.480 97.350 6.232 6.885  31.745 69.983 3.810 5.635  27.514 63.381 3.640 5.489  82.675 26.238 26.071
it: 0.200 0.643 9.04e-04 85.289 103.273 6.403 7.281  31.543 75.066 3.936 5.833  28.666 73.241 3.820 6.132  81.041 25.680 25.522
it: 0.210 0.675 9.04e-04 77.127 95.139 5.912 7.154  26.323 66.383 3.556 5.708  23.959 62.382 3.411 5.335  80.027 25.101 24.929
it: 0.220 0.707 8.95e-04 84.290 94.615 5.923 6.670  35.004 70.879 3.823 5.591  29.473 65.319 3.582 5.394  78.742 24.626 24.450
it: 0.230 0.740 8.95e-04 79.580 98.814 6.287 6.657  26.225 67.045 3.398 5.310  21.747 58.530 3.197 4.938  77.969 24.241 24.070
it: 0.240 0.772 8.86e-04 80.428 90.317 5.848 6.805  27.372 66.725 3.464 5.457  22.195 59.945 3.192 5.214  76.748 23.587 23.418
it: 0.250 0.804 8.86e-04 75.444 93.789 5.766 7.041  28.663 64.204 3.279 5.444  23.268 58.999 3.007 5.522  76.278 23.227 23.092
it: 0.260 0.837 8.78e-04 77.976 90.159 5.723 6.910  26.189 65.374 3.309 5.304  21.573 57.090 2.969 5.092  75.118 22.598 22.454
it: 0.270 0.870 8.78e-04 72.884 91.724 5.657 6.543  22.531 61.315 3.144 5.276  18.862 56.435 2.947 5.075  74.562 22.372 22.233
it: 0.280 0.903 8.69e-04 73.679 88.757 5.697 6.625  25.108 62.593 3.232 5.446  22.234 60.893 3.122 5.238  74.008 22.021 21.871
it: 0.290 0.937 8.69e-04 73.673 89.300 6.089 6.822  23.609 65.354 3.265 5.380  20.997 61.862 3.068 5.212  73.128 21.519 21.380
it: 0.300 0.969 8.60e-04 75.512 91.117 5.914 6.701  27.265 65.460 3.436 5.404  21.616 59.958 3.161 5.276  72.591 21.121 20.969
it: 0.310 1.001 8.60e-04 73.957 89.517 5.589 6.505  24.735 63.907 3.206 5.346  21.011 56.485 3.071 5.036  72.231 21.070 20.929
it: 0.320 1.034 8.51e-04 70.522 88.120 5.681 6.719  24.174 64.393 3.201 5.474  19.809 57.497 3.008 5.047  71.265 20.504 20.376
it: 0.330 1.069 8.51e-04 74.146 92.211 5.847 6.579  22.735 66.405 3.215 5.251  17.304 58.403 2.878 4.906  70.563 20.125 19.967
it: 0.340 1.101 8.43e-04 70.488 87.098 5.590 6.834  22.805 68.528 3.020 5.618  19.089 64.636 3.050 5.318  70.313 20.213 20.077
it: 0.350 1.134 8.43e-04 70.076 86.886 5.747 6.652  22.284 68.795 3.010 5.323  18.233 64.869 2.948 5.257  69.823 19.784 19.655
it: 0.360 1.167 8.35e-04 71.100 91.001 5.800 6.694  23.171 68.228 3.376 5.685  23.493 66.865 3.198 5.534  69.404 19.944 19.793
it: 0.370 1.199 8.35e-04 68.570 89.348 5.552 6.539  21.238 66.717 2.976 5.292  17.881 61.553 2.825 5.144  68.681 19.376 19.226
it: 0.380 1.231 8.26e-04 64.211 84.955 5.340 6.273  22.441 65.411 3.019 5.483  18.483 58.771 2.744 5.192  70.657 20.665 20.532
it: 0.390 1.263 8.26e-04 69.523 86.505 5.572 6.532  20.957 66.823 2.904 5.380  17.241 61.116 2.778 5.246  68.023 19.278 19.143
it: 0.400 1.295 8.18e-04 67.384 88.379 5.395 6.657  22.339 67.866 2.951 5.627  19.170 64.044 2.758 5.130  67.540 18.739 18.622
it: 0.410 1.327 8.18e-04 66.791 88.504 5.324 6.623  19.618 67.711 2.937 5.449  17.601 62.433 2.897 5.184  67.166 18.548 18.420
it: 0.420 1.360 8.10e-04 69.202 84.938 5.380 6.754  21.260 65.708 3.004 5.485  17.304 61.493 2.788 4.992  66.854 18.555 18.423
it: 0.430 1.392 8.10e-04 63.944 87.095 5.413 6.499  21.377 69.386 3.155 5.625  18.506 66.631 2.981 5.342  66.440 18.283 18.153
it: 0.440 1.424 8.02e-04 67.574 86.166 5.521 6.620  20.774 64.208 2.895 5.270  16.512 58.726 2.677 4.958  66.240 18.327 18.190
it: 0.450 1.458 8.02e-04 63.029 85.236 5.221 6.476  18.571 70.374 2.762 5.299  16.159 63.653 2.612 5.031  65.992 18.274 18.148
it: 0.460 1.490 7.94e-04 67.673 91.186 5.451 6.792  19.758 68.959 2.810 5.488  15.859 62.521 2.609 5.231  65.440 17.848 17.757
it: 0.470 1.523 7.94e-04 65.990 88.055 5.252 6.621  23.477 71.951 3.070 5.480  19.034 71.284 2.914 5.372  65.203 17.789 17.656
it: 0.480 1.557 7.86e-04 65.931 86.330 5.297 6.334  20.989 68.949 2.918 5.417  19.525 64.200 2.787 5.051  64.732 17.562 17.412
it: 0.490 1.590 7.86e-04 64.923 84.401 5.049 6.496  19.972 68.198 2.906 5.673  18.006 65.444 2.875 5.258  64.434 17.545 17.427
it: 0.500 1.623 7.78e-04 60.421 87.396 5.086 6.412  20.267 67.855 2.858 5.434  16.578 62.855 2.728 5.155  64.410 17.424 17.297
it: 0.510 1.657 7.78e-04 65.512 86.990 5.250 6.451  19.908 69.702 2.856 5.629  16.436 62.733 2.531 5.355  64.276 17.463 17.353
it: 0.520 1.690 7.70e-04 61.963 85.427 5.210 6.508  20.905 71.711 2.960 5.572  18.393 64.942 2.804 5.227  63.780 17.080 16.957
it: 0.530 1.723 7.70e-04 62.373 87.665 5.303 6.694  18.579 66.969 2.653 5.617  14.645 60.765 2.615 5.347  63.526 16.819 16.689
it: 0.540 1.756 7.62e-04 64.908 83.787 5.430 6.606  20.303 68.954 2.928 5.582  17.404 66.881 2.688 5.147  63.146 16.892 16.770
it: 0.550 1.790 7.62e-04 62.977 83.425 5.290 6.395  18.389 66.356 2.726 5.513  14.874 60.912 2.540 5.196  62.908 16.853 16.712
it: 0.560 1.822 7.55e-04 60.378 82.898 5.135 6.427  17.420 65.844 2.721 5.387  14.731 61.362 2.508 5.153  62.867 16.582 16.466
it: 0.570 1.856 7.55e-04 60.761 87.088 5.239 6.470  18.007 64.497 2.585 5.236  14.387 59.737 2.496 4.838  62.486 16.645 16.526
it: 0.580 1.888 7.47e-04 64.856 83.898 5.339 6.435  17.426 69.115 2.793 5.522  13.120 62.131 2.393 5.072  62.362 16.643 16.532
it: 0.590 1.921 7.47e-04 61.886 82.434 5.259 6.494  17.498 64.287 2.716 5.371  13.698 58.403 2.531 5.056  62.008 16.276 16.183
it: 0.600 1.953 7.40e-04 63.692 85.799 5.104 6.503  19.048 71.355 2.779 5.519  16.427 68.542 2.644 5.453  61.749 16.397 16.298
it: 0.610 1.985 7.40e-04 64.141 88.490 5.398 6.750  21.534 68.780 3.034 5.770  18.814 62.883 2.853 5.338  61.644 16.274 16.167
it: 0.620 2.017 7.32e-04 64.611 86.803 5.331 6.452  18.847 71.482 2.651 5.381  14.221 65.610 2.366 5.200  61.702 16.199 16.086
it: 0.630 2.049 7.32e-04 62.254 83.740 5.169 6.597  18.023 72.532 2.750 5.738  15.451 67.291 2.683 5.384  61.202 15.871 15.774
it: 0.640 2.083 7.25e-04 60.949 82.939 5.181 6.386  19.579 68.543 2.693 5.315  15.285 65.349 2.567 5.341  60.750 15.818 15.711
it: 0.650 2.115 7.25e-04 59.232 82.781 5.148 6.421  18.283 64.535 2.712 5.497  14.026 60.962 2.437 5.298  60.609 15.842 15.734
it: 0.660 2.147 7.18e-04 60.366 82.412 5.139 6.489  18.811 67.751 2.671 5.464  15.024 65.357 2.571 5.233  60.527 15.809 15.710
it: 0.670 2.181 7.18e-04 58.365 83.782 4.877 6.263  16.447 68.870 2.582 5.575  13.602 63.623 2.442 5.142  60.352 15.783 15.674
it: 0.680 2.213 7.11e-04 58.801 83.836 4.870 6.456  18.304 70.250 2.546 5.611  16.259 69.707 2.429 5.222  60.225 15.721 15.620
it: 0.690 2.245 7.11e-04 60.617 85.506 4.964 6.452  17.164 72.410 2.672 5.634  15.675 65.595 2.608 5.198  60.047 15.493 15.376
it: 0.700 2.277 7.03e-04 60.620 86.301 4.999 6.344  17.404 65.112 2.646 5.395  14.636 60.283 2.485 5.347  59.410 15.372 15.272
it: 0.710 2.310 7.03e-04 61.488 84.955 5.140 6.355  18.158 65.722 2.589 5.398  15.138 62.012 2.381 5.100  59.738 15.428 15.305
it: 0.720 2.343 6.96e-04 61.159 82.878 5.089 6.360  18.559 66.284 2.738 5.515  16.394 62.711 2.546 5.217  59.023 15.055 14.958
it: 0.730 2.375 6.96e-04 56.177 80.464 4.918 6.410  17.574 68.708 2.581 5.548  15.877 62.246 2.599 5.298  59.182 15.366 15.264
it: 0.740 2.408 6.89e-04 59.272 81.290 5.174 6.342  19.602 67.146 2.874 5.534  18.169 67.639 2.801 5.619  58.709 14.916 14.812
it: 0.750 2.440 6.89e-04 57.739 80.865 5.077 6.477  17.679 69.800 2.606 5.374  14.347 66.254 2.278 5.230  58.859 15.210 15.114
it: 0.760 2.472 6.83e-04 61.104 83.825 5.162 6.480  15.660 65.486 2.509 5.369  12.809 63.266 2.300 5.198  58.740 15.073 14.987
it: 0.770 2.504 6.83e-04 58.119 82.714 4.942 6.552  18.967 75.346 2.749 5.738  14.793 72.904 2.486 5.692  58.708 15.090 14.970
it: 0.780 2.536 6.76e-04 58.921 85.972 5.427 6.488  19.106 72.599 2.755 5.711  15.717 68.485 2.587 5.225  58.708 15.215 15.115
it: 0.790 2.568 6.76e-04 58.851 85.570 5.089 6.718  19.737 69.190 2.816 5.459  16.020 67.561 2.603 5.266  57.908 14.517 14.413
it: 0.800 2.600 6.69e-04 58.674 83.519 5.140 6.514  17.337 64.519 2.666 5.560  14.959 58.560 2.582 5.277  57.969 14.958 14.854
it: 0.810 2.632 6.69e-04 58.079 83.008 4.795 6.325  18.176 67.037 2.617 5.396  13.959 61.333 2.327 5.036  57.687 14.664 14.567
it: 0.820 2.666 6.62e-04 57.057 84.730 5.073 6.250  16.063 70.316 2.587 5.441  14.890 63.411 2.441 5.313  57.341 14.560 14.456
it: 0.830 2.699 6.62e-04 54.521 84.057 5.056 6.411  16.069 66.505 2.536 5.462  13.655 65.058 2.275 5.233  57.447 14.646 14.561
it: 0.840 2.732 6.56e-04 58.944 85.601 4.991 6.382  17.431 69.393 2.577 5.457  15.208 65.536 2.441 5.258  57.374 14.430 14.315
it: 0.850 2.764 6.56e-04 56.414 82.457 4.943 6.500  17.473 65.290 2.693 5.330  14.814 63.636 2.461 5.324  57.245 14.468 14.383
it: 0.860 2.796 6.49e-04 58.471 81.628 5.102 6.352  16.554 68.868 2.489 5.570  13.619 66.577 2.310 5.224  56.820 14.288 14.188
it: 0.870 2.829 6.49e-04 60.085 82.451 4.983 6.452  16.604 69.498 2.494 5.321  13.051 60.799 2.236 4.962  57.134 14.707 14.620
it: 0.880 2.861 6.43e-04 59.486 87.414 4.837 6.481  18.082 67.595 2.574 5.529  15.463 63.901 2.490 5.366  56.772 14.243 14.148
it: 0.890 2.893 6.43e-04 52.730 80.497 4.899 6.333  16.038 66.894 2.482 5.431  13.087 64.402 2.370 5.047  56.814 14.480 14.392
it: 0.900 2.925 6.36e-04 55.035 85.908 5.012 6.551  14.647 66.868 2.492 5.419  12.411 62.671 2.262 5.098  56.059 13.863 13.755
it: 0.910 2.958 6.36e-04 57.743 84.956 4.843 6.424  16.899 68.362 2.632 5.489  15.032 62.911 2.451 5.253  56.230 13.989 13.897
it: 0.920 2.991 6.30e-04 57.788 83.873 4.800 6.353  16.841 69.002 2.382 5.526  12.929 65.353 2.273 5.458  55.902 14.002 13.918
it: 0.930 3.023 6.30e-04 55.854 84.775 5.144 6.296  16.130 72.035 2.481 5.361  12.811 68.854 2.280 5.220  56.202 13.948 13.849
it: 0.940 3.056 6.24e-04 55.222 79.049 4.919 6.459  14.672 63.209 2.393 5.319  12.290 62.874 2.261 5.312  55.750 13.853 13.755
it: 0.950 3.089 6.24e-04 55.919 81.564 5.130 6.552  16.232 65.162 2.559 5.292  13.218 59.761 2.340 5.152  55.948 14.000 13.911
it: 0.960 3.122 6.17e-04 56.363 81.449 4.969 6.392  17.599 70.508 2.513 5.705  15.148 64.453 2.476 5.260  55.987 13.979 13.901
it: 0.970 3.155 6.17e-04 55.439 80.779 4.802 6.314  16.518 69.813 2.533 5.677  12.329 67.283 2.337 5.299  55.627 13.856 13.765
it: 0.980 3.188 6.11e-04 56.061 82.672 4.856 6.403  15.562 69.274 2.523 5.269  12.210 62.369 2.260 5.150  55.439 13.628 13.529
it: 0.990 3.223 6.11e-04 53.819 82.306 4.783 6.175  15.890 66.997 2.422 5.255  12.857 66.343 2.375 5.158  55.711 13.958 13.861
it: 1.000 3.257 6.05e-04 56.900 83.219 5.031 6.404  16.011 70.949 2.487 5.412  13.125 64.973 2.372 5.292  55.565 13.825 13.731
it: 1.010 3.292 6.05e-04 56.608 78.087 5.028 6.283  16.106 67.138 2.511 5.503  13.393 64.542 2.258 5.326  55.508 13.715 13.605
it: 1.020 3.326 5.99e-04 53.783 80.102 5.017 6.363  14.693 67.446 2.384 5.523  12.607 61.485 2.217 5.007  54.938 13.445 13.353
it: 1.030 3.359 5.99e-04 54.554 77.768 4.876 6.272  17.091 65.601 2.404 5.411  13.569 62.378 2.215 5.191  54.969 13.491 13.391
it: 1.040 3.394 5.93e-04 55.209 81.497 5.077 6.200  16.895 70.530 2.475 5.553  13.174 66.588 2.252 5.230  54.623 13.493 13.411
it: 1.050 3.426 5.93e-04 55.326 80.657 4.927 6.384  15.323 68.047 2.392 5.650  11.970 63.494 2.214 5.310  54.519 13.408 13.317
it: 1.060 3.458 5.87e-04 54.354 82.246 4.852 6.246  16.424 65.741 2.482 5.161  14.524 63.740 2.247 5.000  54.431 13.395 13.309
it: 1.070 3.490 5.87e-04 54.449 82.842 4.786 6.474  14.825 69.392 2.433 5.729  13.116 67.374 2.212 5.361  54.411 13.299 13.195
it: 1.080 3.522 5.81e-04 55.676 83.759 4.940 6.356  14.063 71.736 2.321 5.675  11.666 66.560 2.120 5.322  54.325 13.356 13.265
it: 1.090 3.554 5.81e-04 58.087 84.564 5.053 6.350  17.016 68.015 2.494 5.483  13.567 64.461 2.390 5.162  54.344 13.301 13.223
it: 1.100 3.585 5.75e-04 54.419 82.582 4.775 6.230  16.148 66.655 2.390 5.327  12.009 63.897 2.276 5.086  54.645 13.514 13.423
it: 1.110 3.617 5.75e-04 53.581 78.822 4.837 6.322  14.573 68.520 2.345 5.257  12.026 66.072 2.207 5.246  54.150 13.334 13.231
it: 1.120 3.649 5.70e-04 53.754 78.460 4.868 6.168  14.951 67.703 2.305 5.413  12.613 61.833 2.159 5.189  54.541 13.500 13.415
it: 1.130 3.681 5.70e-04 52.850 82.852 4.882 6.330  16.004 64.961 2.562 5.592  12.914 66.057 2.398 5.520  53.919 13.036 12.936
it: 1.140 3.713 5.64e-04 53.251 80.868 4.772 6.136  15.211 67.667 2.376 5.462  12.767 63.844 2.297 5.289  54.055 13.281 13.200
it: 1.150 3.746 5.64e-04 56.115 83.126 4.767 6.187  14.725 67.850 2.278 5.378  12.578 66.089 2.161 5.316  53.907 13.124 13.045
it: 1.160 3.778 5.58e-04 53.890 83.168 4.842 6.424  14.456 75.057 2.370 5.546  11.453 67.026 2.276 5.278  53.853 13.036 12.935
it: 1.170 3.810 5.58e-04 54.339 81.461 5.095 6.460  14.340 66.836 2.437 5.405  12.074 63.253 2.282 5.210  53.408 12.928 12.851
it: 1.180 3.842 5.53e-04 53.412 80.799 4.669 6.306  14.316 70.002 2.526 5.699  11.960 65.961 2.272 5.445  53.553 12.886 12.799
it: 1.190 3.874 5.53e-04 55.715 81.389 5.018 6.477  16.743 68.453 2.604 5.503  15.283 66.757 2.442 5.458  53.577 13.296 13.211
it: 1.200 3.906 5.47e-04 54.218 79.673 4.589 6.030  14.166 66.421 2.411 5.546  11.970 64.740 2.207 5.349  53.186 12.824 12.744
it: 1.210 3.939 5.47e-04 53.430 83.683 4.768 6.059  14.995 72.669 2.312 5.394  12.312 70.041 2.170 5.164  53.283 12.940 12.860
it: 1.220 3.971 5.42e-04 53.277 82.442 4.737 6.434  13.479 65.213 2.384 5.607  10.663 60.175 2.045 5.042  53.005 12.707 12.624
it: 1.230 4.004 5.42e-04 54.047 82.992 4.782 6.235  15.529 69.770 2.313 5.577  12.214 67.708 2.136 5.248  53.219 12.859 12.767
it: 1.240 4.036 5.36e-04 53.831 85.977 4.740 6.531  15.176 68.229 2.357 5.518  12.092 67.738 2.112 5.254  52.799 12.623 12.536
it: 1.250 4.069 5.36e-04 49.953 79.231 4.821 6.363  15.745 67.368 2.406 5.389  12.000 63.659 2.217 5.258  52.916 12.790 12.686
it: 1.260 4.105 5.31e-04 53.100 81.906 4.800 6.143  15.585 73.669 2.409 5.478  12.192 68.110 2.238 5.258  52.876 12.848 12.782
it: 1.270 4.138 5.31e-04 51.309 83.044 4.799 6.289  15.957 75.613 2.348 5.599  12.311 70.739 2.180 5.371  52.813 12.666 12.580
it: 1.280 4.171 5.26e-04 53.381 84.423 4.702 6.347  14.877 69.902 2.333 5.337  11.798 67.001 2.121 5.126  52.635 12.581 12.484
it: 1.290 4.204 5.26e-04 51.056 82.272 4.634 6.267  16.051 69.453 2.346 5.349  12.021 66.843 2.216 5.088  52.483 12.538 12.441
it: 1.300 4.236 5.20e-04 52.495 80.489 4.756 6.504  14.274 70.650 2.407 5.423  11.194 63.772 2.221 5.267  52.274 12.577 12.498
it: 1.310 4.271 5.20e-04 53.015 83.755 4.693 6.228  14.529 70.016 2.277 5.389  11.852 65.659 2.064 5.342  52.150 12.540 12.451
it: 1.320 4.304 5.15e-04 56.586 81.615 4.691 6.295  15.484 69.042 2.339 5.496  12.688 63.955 2.188 5.076  52.180 12.408 12.320
it: 1.330 4.338 5.15e-04 49.976 80.343 4.782 6.328  15.000 73.866 2.391 5.720  12.336 71.099 2.251 5.300  52.396 12.553 12.469
it: 1.340 4.372 5.10e-04 49.025 83.181 4.634 6.408  13.758 66.405 2.308 5.478  10.981 63.254 2.099 5.119  52.039 12.270 12.178
it: 1.350 4.405 5.10e-04 52.049 81.493 4.778 6.043  13.411 72.771 2.321 5.673  11.110 67.645 2.043 5.388  52.034 12.375 12.289
it: 1.360 4.438 5.05e-04 53.820 83.807 4.842 6.583  15.132 69.196 2.339 5.423  11.388 64.965 2.148 5.159  51.975 12.496 12.407
it: 1.370 4.471 5.05e-04 50.591 78.109 4.712 6.389  12.773 66.932 2.268 5.577  9.988 63.763 1.992 5.187  51.944 12.330 12.255
it: 1.380 4.504 5.00e-04 50.976 82.823 4.919 6.289  12.537 70.211 2.252 5.638  10.847 64.407 2.114 5.200  51.879 12.448 12.369
it: 1.390 4.538 5.00e-04 53.442 80.659 4.928 6.407  14.496 70.802 2.334 5.544  11.687 66.360 2.180 5.400  52.632 13.122 13.042
it: 1.400 4.572 4.95e-04 52.275 80.610 4.518 6.455  14.563 70.680 2.279 5.478  12.125 64.997 2.089 5.300  51.623 12.233 12.132
it: 1.410 4.605 4.95e-04 47.962 79.972 4.681 6.263  13.641 69.592 2.325 5.269  10.061 64.891 2.041 5.265  51.556 12.199 12.112
it: 1.420 4.639 4.90e-04 51.126 79.990 4.660 6.354  15.246 69.045 2.220 5.448  11.478 64.148 2.098 5.150  51.578 12.098 12.010
it: 1.430 4.672 4.90e-04 52.851 82.767 4.699 6.238  15.900 70.010 2.306 5.363  12.050 65.292 2.143 5.210  51.472 12.189 12.103
it: 1.440 4.706 4.85e-04 51.573 83.285 4.773 6.418  13.377 69.861 2.344 5.484  11.352 65.954 2.196 5.234  51.812 12.437 12.360
it: 1.450 4.740 4.85e-04 51.242 81.588 4.691 6.275  13.396 70.249 2.227 5.724  10.540 67.106 2.032 5.265  51.446 12.058 11.969
it: 1.460 4.773 4.80e-04 49.121 80.751 4.735 6.222  13.796 67.605 2.269 5.402  12.084 66.180 2.168 5.206  51.305 12.164 12.080
it: 1.470 4.808 4.80e-04 52.487 80.483 4.507 6.164  13.201 70.418 2.270 5.581  11.270 67.540 2.159 5.176  51.238 12.021 11.935
it: 1.480 4.841 4.75e-04 51.806 82.317 4.810 6.364  15.369 65.722 2.315 5.430  11.576 61.562 2.089 5.389  51.158 12.133 12.040
it: 1.490 4.874 4.75e-04 52.017 81.010 4.528 6.231  13.400 73.330 2.263 5.609  10.691 67.875 2.096 5.448  50.891 11.949 11.872
it: 1.500 4.908 4.71e-04 52.127 80.722 4.797 6.259  13.486 72.435 2.248 5.442  11.573 70.681 2.067 5.235  51.066 12.094 12.011
it: 1.510 4.941 4.71e-04 54.078 82.489 4.670 6.438  17.683 74.030 2.493 5.642  15.716 68.001 2.410 5.342  50.979 12.078 11.994
it: 1.520 4.974 4.66e-04 51.701 84.751 4.610 6.446  14.392 68.805 2.255 5.604  11.841 65.234 2.100 5.232  50.978 12.039 11.967
it: 1.530 5.007 4.66e-04 52.546 81.263 4.822 6.464  14.389 71.032 2.222 5.455  12.051 68.788 2.164 5.274  50.585 11.818 11.734
it: 1.540 5.040 4.61e-04 48.038 83.255 4.598 6.266  13.219 73.927 2.208 5.592  12.023 69.195 2.112 5.277  50.646 11.886 11.807
it: 1.550 5.074 4.61e-04 50.180 77.810 4.595 6.160  12.952 70.627 2.322 5.547  10.358 66.285 2.037 5.248  50.992 12.026 11.943
it: 1.560 5.108 4.57e-04 52.650 82.139 4.915 6.466  15.239 70.539 2.330 5.536  12.048 68.849 2.152 5.459  50.331 11.702 11.607
it: 1.570 5.142 4.57e-04 53.021 79.747 4.611 6.199  13.352 66.565 2.258 5.507  10.777 62.997 2.086 5.294  50.770 11.901 11.811
it: 1.580 5.175 4.52e-04 50.044 83.021 4.657 6.352  14.704 70.300 2.288 5.579  11.226 65.355 2.021 5.264  50.456 11.906 11.807
it: 1.590 5.208 4.52e-04 49.788 78.084 4.518 6.179  13.993 68.255 2.198 5.531  10.373 66.543 1.997 5.230  50.754 11.834 11.752
it: 1.600 5.241 4.48e-04 49.711 81.944 4.676 6.187  14.868 69.397 2.431 5.411  12.849 66.892 2.333 5.139  50.359 11.683 11.596
it: 1.610 5.275 4.48e-04 47.197 80.851 4.828 6.376  13.718 67.656 2.301 5.361  11.169 66.171 2.089 5.089  50.247 11.721 11.639
it: 1.620 5.310 4.43e-04 49.716 82.851 4.711 6.351  13.273 69.508 2.334 5.584  11.069 65.994 2.029 5.341  50.105 11.803 11.729
it: 1.630 5.344 4.43e-04 49.995 78.079 4.690 6.336  13.524 70.167 2.308 5.550  10.917 65.264 2.048 5.171  50.079 11.795 11.712
it: 1.640 5.378 4.39e-04 48.042 78.283 4.436 5.996  13.332 65.654 2.255 5.461  10.522 61.360 2.048 5.399  49.973 11.764 11.677
it: 1.650 5.411 4.39e-04 51.134 82.745 4.800 6.103  14.888 69.653 2.271 5.372  11.022 68.312 2.065 5.219  49.956 11.509 11.429
it: 1.660 5.444 4.34e-04 51.147 82.463 4.639 6.161  13.690 69.889 2.242 5.414  10.623 66.697 2.048 5.189  49.957 11.489 11.402
it: 1.670 5.478 4.34e-04 54.403 81.228 4.904 6.249  15.032 72.539 2.290 5.498  12.047 71.836 1.988 5.417  50.264 11.813 11.735
it: 1.680 5.511 4.30e-04 50.453 81.747 4.563 6.315  13.039 73.888 2.268 5.643  10.812 69.148 2.034 5.311  49.739 11.555 11.471
it: 1.690 5.544 4.30e-04 49.218 87.319 4.617 6.452  13.558 74.478 2.232 5.496  10.973 68.613 2.020 5.233  49.657 11.485 11.408
it: 1.700 5.578 4.26e-04 51.801 84.361 4.573 6.292  14.461 74.340 2.245 5.538  11.204 72.732 2.098 5.208  49.813 11.596 11.516
it: 1.710 5.611 4.26e-04 50.243 76.162 4.608 6.149  14.272 68.331 2.189 5.583  10.629 65.760 1.911 5.331  49.984 11.632 11.549
it: 1.720 5.644 4.21e-04 50.151 79.903 4.527 6.396  12.664 68.672 2.117 5.645  10.490 66.288 2.119 5.504  49.913 11.597 11.518
it: 1.730 5.677 4.21e-04 46.908 82.108 4.568 6.351  12.242 73.941 2.105 5.572  10.220 68.935 1.964 5.237  49.490 11.419 11.337
it: 1.740 5.710 4.17e-04 48.621 80.782 4.482 6.268  13.170 71.857 2.130 5.577  10.767 69.527 2.045 5.263  49.322 11.407 11.335
it: 1.750 5.744 4.17e-04 48.857 83.237 4.688 6.233  13.671 70.075 2.163 5.497  10.883 66.548 2.134 5.212  49.484 11.410 11.333
it: 1.760 5.777 4.13e-04 51.622 83.194 4.637 6.285  14.237 72.345 2.255 5.424  10.613 67.496 1.977 5.209  49.556 11.528 11.436
it: 1.770 5.810 4.13e-04 49.602 76.525 4.760 6.124  13.441 65.258 2.282 5.305  11.463 64.556 2.127 5.265  49.446 11.795 11.722
it: 1.780 5.845 4.09e-04 49.515 80.310 4.731 5.992  13.078 68.640 2.165 5.513  10.592 65.452 1.905 5.427  49.512 11.434 11.348
it: 1.790 5.879 4.09e-04 48.279 79.414 4.530 6.222  13.189 74.330 2.217 5.625  10.767 70.374 2.101 5.332  49.295 11.405 11.334
it: 1.800 5.912 4.05e-04 48.634 81.284 4.526 6.343  13.331 67.644 2.218 5.518  10.746 62.895 2.081 5.252  49.057 11.263 11.172
it: 1.810 5.945 4.05e-04 48.924 80.452 4.390 6.256  13.532 70.510 2.166 5.390  10.282 69.587 1.917 5.211  49.087 11.243 11.168
it: 1.820 5.979 4.01e-04 47.136 83.148 4.614 6.235  14.211 70.876 2.216 5.270  10.293 67.641 1.955 5.085  49.459 11.690 11.620
it: 1.830 6.012 4.01e-04 50.063 81.043 4.727 6.134  14.568 71.119 2.324 5.370  11.515 72.229 2.012 5.250  49.256 11.360 11.274
it: 1.840 6.046 3.97e-04 49.204 78.434 4.598 6.302  12.473 74.539 2.299 5.530  11.302 72.818 2.153 5.552  49.053 11.201 11.120
it: 1.850 6.079 3.97e-04 47.789 81.090 4.549 6.210  11.206 72.057 2.118 5.511  9.213 68.032 1.849 5.256  48.833 11.157 11.078
it: 1.860 6.112 3.93e-04 49.125 78.804 4.680 6.175  13.248 70.979 2.258 5.388  11.179 69.797 1.999 5.232  48.855 11.261 11.181
it: 1.870 6.146 3.93e-04 47.575 79.363 4.493 6.268  12.416 66.610 2.202 5.493  10.262 62.134 1.973 5.180  49.190 11.504 11.425
it: 1.880 6.179 3.89e-04 49.909 84.299 4.833 6.129  12.302 70.959 2.173 5.312  10.454 68.504 2.008 5.194  48.766 11.113 11.033
it: 1.890 6.212 3.89e-04 48.920 78.520 4.470 6.371  12.014 68.539 2.097 5.497  10.510 66.651 1.876 5.251  48.642 11.044 10.956
it: 1.900 6.246 3.85e-04 49.039 81.702 4.531 6.181  13.663 72.170 2.221 5.479  10.265 68.542 1.959 5.331  48.531 11.070 10.998
it: 1.910 6.279 3.85e-04 50.219 79.641 4.610 6.294  13.589 69.109 2.176 5.349  10.237 66.044 1.974 5.277  48.669 11.121 11.047
it: 1.920 6.313 3.81e-04 47.871 80.262 4.656 6.235  12.825 66.812 2.175 5.313  9.965 65.049 1.989 5.106  48.633 11.177 11.108
it: 1.930 6.347 3.81e-04 52.329 79.484 4.544 6.237  14.855 71.873 2.224 5.439  10.892 69.635 1.935 5.159  48.561 11.118 11.035
it: 1.940 6.381 3.77e-04 49.627 80.926 4.638 6.189  12.500 75.033 2.115 5.609  9.895 71.122 1.907 5.439  48.553 11.149 11.063
it: 1.950 6.414 3.77e-04 47.994 79.859 4.656 6.269  12.014 72.871 2.200 5.534  9.510 69.313 2.034 5.441  48.593 11.073 10.986
it: 1.960 6.447 3.73e-04 46.759 78.502 4.504 6.090  14.428 70.734 2.344 5.638  11.303 67.122 2.130 5.406  48.498 11.083 11.008
it: 1.970 6.481 3.73e-04 45.994 78.815 4.653 6.277  12.560 69.381 2.187 5.542  9.699 64.422 1.962 5.409  48.380 10.999 10.918
it: 1.980 6.514 3.70e-04 46.018 77.350 4.483 6.125  12.874 68.872 2.198 5.347  10.641 69.860 2.057 5.272  48.212 10.912 10.828
it: 1.990 6.547 3.70e-04 50.281 79.434 4.616 5.958  14.425 69.312 2.117 5.510  11.646 66.796 1.997 5.332  48.182 10.998 10.913
it: 2.000 6.581 3.66e-04 46.543 79.699 4.500 6.404  13.249 66.028 2.137 5.529  10.010 65.046 1.821 5.213  48.264 10.954 10.878
it: 2.010 6.614 3.66e-04 46.382 83.162 4.504 6.315  12.928 69.792 2.195 5.577  10.327 67.219 2.030 5.428  48.027 10.987 10.912
it: 2.020 6.650 3.62e-04 46.043 76.357 4.579 6.438  12.410 64.711 2.233 5.264  10.018 67.727 2.002 5.297  48.230 10.968 10.893
it: 2.030 6.683 3.62e-04 51.395 81.121 4.826 6.366  14.044 73.470 2.274 5.670  10.505 67.962 1.985 5.391  48.279 10.933 10.865
it: 2.040 6.717 3.59e-04 48.717 82.943 4.511 6.285  13.429 75.120 2.173 5.407  10.706 72.699 1.962 5.323  48.025 10.913 10.839
it: 2.050 6.750 3.59e-04 48.677 78.019 4.392 6.300  12.436 69.173 2.065 5.542  11.167 69.048 1.990 5.334  48.011 10.904 10.820
it: 2.060 6.783 3.55e-04 48.861 78.197 4.407 6.075  13.545 69.812 2.201 5.413  10.706 68.510 1.964 5.107  48.072 10.897 10.807
it: 2.070 6.817 3.55e-04 50.783 83.501 4.663 6.607  14.063 70.908 2.293 5.551  10.773 65.571 2.028 5.352  47.853 10.818 10.737
it: 2.080 6.851 3.52e-04 49.920 78.568 4.630 6.005  12.522 72.413 2.245 5.661  10.094 69.246 2.035 5.409  48.083 10.974 10.898
it: 2.090 6.885 3.52e-04 47.974 79.327 4.545 6.296  12.678 70.382 2.196 5.335  10.251 69.517 1.858 5.397  47.730 10.774 10.694
it: 2.100 6.919 3.48e-04 46.658 80.905 4.617 6.325  12.588 70.328 2.115 5.865  10.340 67.245 1.984 5.391  47.816 10.814 10.738
it: 2.110 6.952 3.48e-04 47.446 80.607 4.447 6.381  12.366 74.532 2.179 5.390  9.976 71.367 1.977 5.228  47.685 10.721 10.641
it: 2.120 6.985 3.45e-04 50.085 78.488 4.444 6.383  13.442 74.424 2.112 5.594  10.528 69.837 1.996 5.348  47.691 10.787 10.706
it: 2.130 7.019 3.45e-04 49.461 78.784 4.502 6.261  13.386 67.410 2.129 5.610  10.530 66.295 1.994 5.343  47.634 10.781 10.700
it: 2.140 7.052 3.41e-04 48.493 78.961 4.519 6.348  12.512 72.839 2.109 5.512  10.222 71.791 1.889 5.379  47.570 10.757 10.686
it: 2.150 7.087 3.41e-04 47.727 82.889 4.519 6.243  12.585 72.609 2.120 5.485  9.820 71.811 2.030 5.480  47.566 10.820 10.744
it: 2.160 7.121 3.38e-04 49.104 75.823 4.680 6.203  12.283 68.629 2.142 5.425  10.081 67.070 2.003 5.333  47.597 10.754 10.686
it: 2.170 7.154 3.38e-04 44.929 80.766 4.646 6.376  11.626 69.103 2.090 5.376  9.489 66.467 2.002 5.288  47.611 10.767 10.691
it: 2.180 7.188 3.34e-04 47.547 81.422 4.693 6.299  11.983 76.580 2.138 5.738  9.964 73.395 2.031 5.596  47.573 10.665 10.586
it: 2.190 7.221 3.34e-04 44.772 83.769 4.359 6.494  12.570 73.629 2.095 5.444  9.482 68.455 1.868 5.259  47.309 10.601 10.523
it: 2.200 7.254 3.31e-04 47.948 83.295 4.562 6.248  11.608 78.262 1.980 5.593  9.647 74.895 1.849 5.364  47.376 10.617 10.537
it: 2.210 7.288 3.31e-04 46.994 78.296 4.494 6.176  11.980 71.987 2.059 5.550  9.436 70.789 1.835 5.173  47.479 10.760 10.687
it: 2.220 7.321 3.28e-04 45.935 81.169 4.424 6.483  11.516 72.635 2.118 5.469  10.114 71.505 1.988 5.417  47.311 10.636 10.558
it: 2.230 7.354 3.28e-04 47.950 79.353 4.417 6.279  10.883 70.316 2.002 5.536  8.331 67.221 1.820 5.410  47.419 10.712 10.633
it: 2.240 7.389 3.24e-04 46.528 80.839 4.464 6.377  12.556 70.610 2.113 5.697  9.765 69.919 1.903 5.484  47.280 10.591 10.515
it: 2.250 7.422 3.24e-04 45.383 81.891 4.386 6.234  11.139 68.362 2.039 5.445  9.267 65.445 1.937 5.386  47.209 10.533 10.441
it: 2.260 7.455 3.21e-04 48.378 84.994 4.523 6.211  12.158 71.314 2.178 5.260  10.146 66.724 1.927 5.188  47.422 10.654 10.569
it: 2.270 7.488 3.21e-04 46.352 81.075 4.496 6.175  12.861 71.966 2.174 5.560  10.086 70.921 1.953 5.463  47.280 10.592 10.515
it: 2.280 7.521 3.18e-04 48.654 80.059 4.527 6.325  12.304 72.895 2.083 5.628  9.958 68.869 1.895 5.445  47.076 10.530 10.455
it: 2.290 7.555 3.18e-04 47.017 81.385 4.619 6.335  11.958 75.474 2.173 5.651  9.885 74.504 1.954 5.517  47.082 10.605 10.532
it: 2.300 7.588 3.15e-04 46.409 79.974 4.456 6.255  12.694 71.758 2.094 5.528  9.407 69.959 1.880 5.308  46.956 10.539 10.458
it: 2.310 7.621 3.15e-04 46.234 79.113 4.564 6.411  12.838 73.418 2.100 5.547  10.433 70.972 1.945 5.442  47.269 10.523 10.447
it: 2.320 7.655 3.12e-04 48.796 78.283 4.488 6.201  13.559 69.751 2.081 5.403  10.264 67.147 1.882 5.190  46.959 10.464 10.385
it: 2.330 7.689 3.12e-04 44.686 81.052 4.491 6.230  11.359 69.436 2.108 5.456  9.207 67.447 1.818 5.254  46.730 10.378 10.287
it: 2.340 7.722 3.09e-04 43.164 77.188 4.487 6.331  12.709 69.773 2.026 5.653  10.269 67.971 1.974 5.346  46.952 10.524 10.443
it: 2.350 7.755 3.09e-04 49.395 81.366 4.500 6.164  13.427 70.921 2.078 5.314  10.126 65.499 1.944 5.126  46.973 10.409 10.336
it: 2.360 7.789 3.05e-04 43.046 83.114 4.370 6.312  11.994 72.091 2.041 5.547  9.707 67.732 1.956 5.415  46.853 10.408 10.326
it: 2.370 7.822 3.05e-04 46.817 79.906 4.496 6.279  13.703 69.725 2.152 5.588  10.666 67.338 1.910 5.388  46.721 10.436 10.355
it: 2.380 7.856 3.02e-04 45.681 79.677 4.555 6.241  12.333 74.263 2.192 5.456  9.319 72.055 1.983 5.304  46.842 10.505 10.438
it: 2.390 7.889 3.02e-04 45.893 80.463 4.565 6.322  11.125 73.657 2.057 5.617  9.141 70.066 1.906 5.385  46.790 10.464 10.384
it: 2.400 7.923 2.99e-04 45.624 81.254 4.365 6.292  11.958 72.352 2.079 5.220  9.156 69.802 1.940 5.264  46.837 10.500 10.419
it: 2.410 7.956 2.99e-04 47.330 82.405 4.386 6.056  11.457 71.297 2.134 5.405  9.541 66.841 1.882 5.344  46.812 10.570 10.495
it: 2.420 7.989 2.96e-04 44.645 80.517 4.411 6.067  11.469 71.279 2.090 5.329  9.075 71.270 1.876 5.239  46.596 10.285 10.208
it: 2.430 8.022 2.96e-04 45.700 79.076 4.535 6.179  12.591 72.349 2.048 5.770  10.235 69.420 1.872 5.447  46.418 10.302 10.216
it: 2.440 8.055 2.93e-04 44.253 78.128 4.375 6.387  11.111 71.822 2.023 5.358  8.963 69.845 1.771 5.356  46.729 10.512 10.428
it: 2.450 8.089 2.93e-04 50.959 81.033 4.771 6.417  12.672 71.491 2.183 5.700  10.452 70.460 1.941 5.467  46.622 10.325 10.258
it: 2.460 8.122 2.90e-04 44.877 78.214 4.262 6.267  12.711 69.417 2.032 5.572  10.897 65.782 1.960 5.147  46.505 10.319 10.246
it: 2.470 8.157 2.90e-04 46.262 79.974 4.343 6.310  12.593 68.375 2.115 5.297  9.853 68.097 1.847 5.254  46.427 10.239 10.150
it: 2.480 8.190 2.88e-04 48.223 75.724 4.441 6.167  12.607 71.748 2.131 5.504  9.737 67.688 1.942 5.326  46.814 10.465 10.380
it: 2.490 8.223 2.88e-04 47.610 78.460 4.316 6.441  13.363 70.953 2.130 5.546  9.793 67.737 1.825 5.311  46.472 10.325 10.254
it: 2.500 8.257 2.85e-04 46.760 81.383 4.549 6.223  12.303 70.535 2.160 5.462  9.410 69.987 1.881 5.231  46.420 10.289 10.209
it: 2.510 8.290 2.85e-04 44.294 83.725 4.507 6.253  11.770 73.851 2.092 5.509  9.364 71.398 1.954 5.388  46.319 10.278 10.191
it: 2.520 8.323 2.82e-04 47.964 78.511 4.479 6.237  12.190 67.903 2.085 5.437  9.112 66.907 1.792 5.184  46.265 10.379 10.301
it: 2.530 8.356 2.82e-04 48.698 81.150 4.542 6.295  12.683 73.072 2.065 5.594  10.740 66.533 1.859 5.380  46.285 10.161 10.077
it: 2.540 8.389 2.79e-04 45.517 79.803 4.299 5.932  11.761 73.515 2.009 5.531  9.246 68.762 1.874 5.345  46.494 10.324 10.243
it: 2.550 8.424 2.79e-04 46.060 78.537 4.388 6.524  10.984 70.251 2.059 5.352  8.759 66.590 1.840 5.231  46.164 10.162 10.074
it: 2.560 8.457 2.76e-04 44.192 80.103 4.441 6.376  11.512 70.988 2.067 5.491  8.767 66.513 1.924 5.177  46.191 10.239 10.164
it: 2.570 8.490 2.76e-04 46.020 76.876 4.409 6.203  12.453 66.488 2.106 5.601  9.034 67.015 1.811 5.364  46.183 10.148 10.073
it: 2.580 8.524 2.73e-04 47.776 77.856 4.419 6.103  13.977 71.141 2.107 5.650  10.198 69.078 1.954 5.174  46.109 10.142 10.062
it: 2.590 8.558 2.73e-04 47.014 79.055 4.440 6.364  11.966 70.418 2.111 5.476  9.088 68.830 1.865 5.399  46.087 10.142 10.068
it: 2.600 8.591 2.71e-04 46.169 78.997 4.427 6.086  12.149 69.503 2.062 5.415  9.211 66.807 1.901 5.312  46.138 10.300 10.226
it: 2.610 8.625 2.71e-04 45.994 80.342 4.393 6.261  12.399 68.282 2.063 5.371  9.624 66.922 1.887 5.420  45.945 10.112 10.027
it: 2.620 8.659 2.68e-04 45.468 78.110 4.486 6.377  10.459 70.483 2.024 5.331  8.718 70.011 1.858 5.448  45.895 10.074 9.994
it: 2.630 8.692 2.68e-04 45.934 82.470 4.538 6.347  11.961 72.766 2.043 5.388  9.326 67.181 1.834 5.205  46.099 10.140 10.059
it: 2.640 8.726 2.65e-04 47.987 78.056 4.358 6.030  11.440 69.891 2.071 5.545  8.744 68.219 1.833 5.271  45.973 10.162 10.080
it: 2.650 8.759 2.65e-04 45.640 82.230 4.479 6.322  11.711 72.159 2.098 5.566  9.627 68.905 1.834 5.386  45.936 10.051 9.967
it: 2.660 8.792 2.63e-04 47.076 77.487 4.426 6.142  10.856 70.584 2.001 5.605  8.413 66.221 1.815 5.293  45.999 10.162 10.088
it: 2.670 8.825 2.63e-04 45.616 77.126 4.528 6.456  12.267 70.583 1.960 5.601  10.250 66.449 1.789 5.390  45.934 10.151 10.083
it: 2.680 8.859 2.60e-04 43.220 78.831 4.232 6.166  11.895 69.958 2.108 5.676  9.710 67.026 1.859 5.416  45.930 10.169 10.094
it: 2.690 8.892 2.60e-04 45.788 82.012 4.319 6.347  12.516 73.892 2.047 5.628  9.892 67.353 1.932 5.271  45.745 10.054 9.960
it: 2.700 8.926 2.57e-04 46.870 75.128 4.490 6.101  10.930 71.931 1.999 5.494  9.031 69.648 1.906 5.311  45.728 10.118 10.041
it: 2.710 8.960 2.57e-04 47.131 83.576 4.637 6.351  11.677 70.966 1.968 5.563  9.829 70.194 1.828 5.370  45.786 10.013 9.922
it: 2.720 8.993 2.55e-04 43.512 76.793 4.454 6.229  11.392 72.789 2.020 5.517  9.741 70.751 1.869 5.441  45.831 10.047 9.974
it: 2.730 9.026 2.55e-04 43.708 81.508 4.253 6.247  10.645 74.016 1.945 5.586  8.962 68.113 1.802 5.462  45.757 10.093 10.011
it: 2.740 9.060 2.52e-04 47.108 80.800 4.475 6.394  11.963 69.775 2.081 5.484  8.907 68.529 1.860 5.245  45.842 10.092 10.007
it: 2.750 9.093 2.52e-04 44.240 77.142 4.381 6.190  12.103 66.581 2.038 5.407  9.145 65.989 1.778 5.067  45.564 9.969 9.899
it: 2.760 9.126 2.50e-04 45.750 81.707 4.485 6.190  10.674 71.805 2.028 5.449  8.462 70.737 1.834 5.367  45.559 9.951 9.871
it: 2.770 9.159 2.50e-04 45.456 78.828 4.440 6.032  10.721 69.924 1.933 5.629  8.584 68.389 1.824 5.559  45.734 9.988 9.912
it: 2.780 9.193 2.47e-04 44.695 81.579 4.475 6.347  11.766 69.049 1.993 5.347  9.229 68.773 1.810 5.257  45.477 9.913 9.834
it: 2.790 9.227 2.47e-04 47.600 81.444 4.271 6.415  11.127 69.641 1.987 5.560  8.450 66.593 1.752 5.247  45.450 9.954 9.877
it: 2.800 9.261 2.45e-04 43.370 75.934 4.316 6.171  11.748 67.392 2.071 5.457  9.196 66.327 1.800 5.223  45.473 9.920 9.843
it: 2.810 9.294 2.45e-04 43.535 80.509 4.383 6.206  10.865 71.313 1.886 5.529  8.456 70.940 1.748 5.357  45.503 9.935 9.862
it: 2.820 9.327 2.42e-04 45.662 80.564 4.279 6.432  11.916 71.520 2.001 5.511  8.665 67.970 1.748 5.242  45.464 9.908 9.836
it: 2.830 9.361 2.42e-04 45.986 83.301 4.409 6.429  12.585 70.521 2.003 5.413  9.619 68.348 1.853 5.347  45.432 9.906 9.830
it: 2.840 9.394 2.40e-04 44.735 78.724 4.436 6.324  11.483 70.415 2.055 5.461  9.570 67.049 1.856 5.370  45.306 9.877 9.794
it: 2.850 9.427 2.40e-04 47.561 76.778 4.315 6.198  12.665 67.358 2.036 5.576  9.356 65.863 1.882 5.411  45.477 9.907 9.828
it: 2.860 9.463 2.38e-04 45.833 81.148 4.479 6.325  11.487 73.824 2.040 5.605  9.591 71.930 1.804 5.448  45.602 9.962 9.888
it: 2.870 9.497 2.38e-04 46.521 78.024 4.191 6.309  11.122 68.595 1.995 5.484  8.825 68.168 1.882 5.221  45.517 9.952 9.867
it: 2.880 9.530 2.35e-04 44.286 80.131 4.474 6.214  10.045 71.763 1.988 5.481  8.313 67.944 1.836 5.319  45.230 9.800 9.724
it: 2.890 9.563 2.35e-04 46.723 81.034 4.456 6.429  11.833 72.977 2.058 5.579  8.725 69.603 1.789 5.337  45.458 9.916 9.838
it: 2.900 9.596 2.33e-04 45.325 77.736 4.390 6.134  11.360 69.539 2.088 5.340  9.567 68.045 1.897 5.357  45.193 9.813 9.740
it: 2.910 9.630 2.33e-04 43.104 84.901 4.272 6.395  11.402 74.481 2.006 5.529  8.584 70.482 1.855 5.389  45.367 9.893 9.814
it: 2.920 9.663 2.31e-04 44.038 81.022 4.297 6.480  10.930 70.531 1.935 5.749  8.510 68.176 1.786 5.321  45.281 9.842 9.761
it: 2.930 9.696 2.31e-04 43.968 80.636 4.371 6.142  11.071 69.557 2.058 5.464  8.387 66.410 1.771 5.345  45.313 9.864 9.788
it: 2.940 9.729 2.28e-04 43.977 81.891 4.481 6.150  10.128 70.389 1.994 5.670  8.651 68.245 1.842 5.410  45.148 9.884 9.806
it: 2.950 9.763 2.28e-04 44.523 79.325 4.452 5.926  12.275 70.610 2.042 5.470  9.330 69.129 1.758 5.334  45.169 9.829 9.750
it: 2.960 9.796 2.26e-04 44.371 82.412 4.550 6.265  12.439 74.955 2.018 5.758  9.063 69.707 1.732 5.358  45.203 9.883 9.803
it: 2.970 9.829 2.26e-04 45.774 79.962 4.294 6.095  12.979 70.831 2.051 5.518  8.752 68.834 1.743 5.352  45.021 9.733 9.638
it: 2.980 9.863 2.24e-04 45.276 82.355 4.500 6.166  10.824 71.245 1.976 5.840  8.864 68.951 1.858 5.490  45.051 9.762 9.676
it: 2.990 9.896 2.24e-04 44.171 80.383 4.375 6.320  10.533 70.656 1.980 5.624  8.919 66.648 1.798 5.331  44.958 9.777 9.699
it: 3.000 9.930 2.21e-04 46.262 78.468 4.237 6.255  11.767 71.630 2.108 5.522  9.308 71.550 1.803 5.331  45.026 9.881 9.797
it: 3.010 9.964 2.21e-04 48.314 81.429 4.477 6.358  12.776 73.232 1.923 5.727  8.575 70.879 1.788 5.521  45.066 9.794 9.715
it: 3.020 9.998 2.19e-04 42.173 81.884 4.299 6.370  12.042 72.396 2.035 5.497  9.601 71.056 1.794 5.452  44.866 9.621 9.536
it: 3.030 10.033 2.19e-04 46.138 79.321 4.455 6.169  11.190 71.838 1.986 5.424  8.233 66.902 1.866 5.342  44.908 9.704 9.628
it: 3.040 10.067 2.17e-04 46.667 82.143 4.423 6.339  12.185 73.436 2.008 5.583  8.823 71.014 1.795 5.414  44.889 9.673 9.596
it: 3.050 10.101 2.17e-04 46.152 79.235 4.346 6.241  11.449 73.681 1.969 5.426  9.357 72.292 1.817 5.377  44.808 9.683 9.604
it: 3.060 10.135 2.15e-04 42.533 77.119 4.348 6.097  10.571 68.368 1.996 5.447  8.601 66.325 1.877 5.211  44.857 9.713 9.636
it: 3.070 10.169 2.15e-04 45.797 81.932 4.315 6.147  12.007 75.094 1.976 5.462  9.213 71.057 1.838 5.359  44.786 9.724 9.644
it: 3.080 10.202 2.13e-04 43.506 80.758 4.386 6.233  11.372 69.302 2.033 5.549  8.460 69.079 1.760 5.414  44.837 9.644 9.573
it: 3.090 10.235 2.13e-04 44.467 81.501 4.578 6.244  11.745 71.674 2.037 5.594  8.688 68.933 1.861 5.384  44.738 9.700 9.620
it: 3.100 10.268 2.11e-04 45.316 80.734 4.321 6.447  11.583 73.451 2.103 5.482  9.687 73.463 1.886 5.436  45.399 10.052 9.985
it: 3.110 10.302 2.11e-04 43.715 80.354 4.235 6.198  11.905 71.357 1.976 5.543  9.330 66.434 1.768 5.282  44.867 9.633 9.559
it: 3.120 10.335 2.08e-04 44.408 80.259 4.412 6.317  11.124 70.233 1.957 5.462  9.142 68.303 1.817 5.204  44.563 9.631 9.544
it: 3.130 10.369 2.08e-04 44.643 80.165 4.322 6.155  11.052 67.222 1.948 5.440  9.021 64.437 1.872 5.220  44.613 9.631 9.550
it: 3.140 10.402 2.06e-04 46.570 80.857 4.393 6.269  10.923 73.597 1.943 5.573  8.805 74.141 1.760 5.341  44.826 9.689 9.610
it: 3.150 10.436 2.06e-04 40.394 80.416 4.345 6.428  11.011 73.290 1.975 5.457  8.347 70.237 1.697 5.236  44.639 9.621 9.550
it: 3.160 10.469 2.04e-04 43.426 77.928 4.282 6.435  11.520 69.279 1.970 5.535  9.505 65.927 1.854 5.217  44.662 9.610 9.534
it: 3.170 10.502 2.04e-04 42.926 80.945 4.336 6.288  10.564 69.248 1.920 5.540  8.278 68.241 1.776 5.374  44.616 9.648 9.576
it: 3.180 10.535 2.02e-04 44.166 80.708 4.465 6.239  10.690 75.292 2.004 5.808  8.931 73.912 1.925 5.596  44.521 9.636 9.559
it: 3.190 10.569 2.02e-04 45.454 77.647 4.229 6.103  12.059 70.346 1.948 5.423  9.573 65.837 1.810 5.280  44.854 9.685 9.607
it: 3.200 10.602 2.00e-04 47.159 80.859 4.366 6.513  11.986 70.681 1.983 5.568  9.195 68.698 1.795 5.458  44.476 9.512 9.433
it: 3.210 10.637 2.00e-04 49.107 82.098 4.694 6.386  12.143 75.874 1.966 5.866  9.981 73.054 1.867 5.322  44.633 9.578 9.506
it: 3.220 10.672 1.98e-04 42.824 82.345 4.427 6.464  11.527 74.048 1.908 5.876  9.384 72.758 1.764 5.501  44.529 9.585 9.501
it: 3.230 10.705 1.98e-04 46.265 79.039 4.510 6.287  13.596 72.387 1.958 5.250  10.694 71.044 1.789 5.258  44.420 9.501 9.423
it: 3.240 10.738 1.96e-04 47.173 80.026 4.399 6.352  11.948 71.252 1.988 5.753  8.747 69.859 1.788 5.501  44.530 9.574 9.491
it: 3.250 10.771 1.96e-04 45.124 80.155 4.416 6.238  11.211 70.995 1.908 5.519  8.643 69.320 1.718 5.265  44.438 9.591 9.512
it: 3.260 10.805 1.94e-04 42.092 80.929 4.289 6.251  11.303 73.905 1.981 5.496  8.954 70.378 1.841 5.449  44.476 9.560 9.478
it: 3.270 10.838 1.94e-04 42.439 78.852 4.305 6.452  10.135 74.280 1.910 5.845  8.744 71.997 1.772 5.548  44.326 9.499 9.418
it: 3.280 10.871 1.92e-04 42.188 82.400 4.332 6.349  10.465 71.672 1.957 5.600  8.938 69.876 1.737 5.476  44.426 9.588 9.512
it: 3.290 10.904 1.92e-04 45.666 77.970 4.503 6.245  11.768 72.428 2.071 5.565  9.416 69.178 1.963 5.420  44.327 9.535 9.462
it: 3.300 10.938 1.90e-04 43.931 81.245 4.216 6.153  11.045 71.982 1.970 5.865  8.713 70.427 1.799 5.325  44.425 9.533 9.459
it: 3.310 10.971 1.90e-04 44.637 79.109 4.288 6.271  11.565 75.106 1.961 5.450  8.868 73.006 1.751 5.487  44.359 9.495 9.412
it: 3.320 11.004 1.89e-04 47.909 82.304 4.427 6.252  10.430 73.789 1.938 5.533  8.628 73.947 1.775 5.288  44.415 9.535 9.457
it: 3.330 11.038 1.89e-04 43.684 80.939 4.512 6.105  11.480 73.498 1.993 5.384  9.168 70.556 1.830 5.420  44.228 9.421 9.342
it: 3.340 11.072 1.87e-04 44.052 78.554 4.274 6.287  11.780 73.401 2.028 5.754  8.917 73.449 1.886 5.555  44.229 9.459 9.382
it: 3.350 11.105 1.87e-04 45.465 80.760 4.372 6.387  11.685 74.863 2.002 5.672  9.407 72.013 1.902 5.651  44.371 9.557 9.476
it: 3.360 11.138 1.85e-04 45.542 79.744 4.375 6.280  10.623 71.826 1.983 5.628  8.523 70.042 1.744 5.260  44.245 9.504 9.430
it: 3.370 11.171 1.85e-04 43.830 77.842 4.378 6.217  12.843 66.848 2.032 5.531  9.127 66.433 1.758 5.350  44.263 9.432 9.350
it: 3.380 11.203 1.83e-04 44.024 77.083 4.296 6.277  10.692 73.066 1.950 5.755  8.004 70.936 1.721 5.268  44.169 9.366 9.287
it: 3.390 11.236 1.83e-04 41.252 78.007 4.275 6.185  10.581 70.419 1.988 5.606  7.767 67.192 1.706 5.412  44.147 9.408 9.331
it: 3.400 11.270 1.81e-04 41.545 81.999 4.315 6.101  10.757 75.075 1.998 5.812  8.919 70.514 1.786 5.422  44.183 9.508 9.432

20 55.21356957626754 4.81666402073548
20 6.140975762971444 1.3226238505180228
