Config *****   INC_win: 1
Config *****   SIG: 0
Config *****   add_len: 0
Config *****   att: 4
Config *****   batch_size: 100
Config *****   feature_len: 20
Config *****   loop: 5
Config *****   lr: 0.0001
Config *****   memory_size: 100000
Config *****   multi: 20
Config *****   netFile: r2
Config *****   nodes_0_base: 1024, 128
Config *****   nodes_1_out: 32
Config *****   nodes_2_feature: 32
Config *****   num_output: 3
Config *****   t_scale: 10
Config *****   te: p_files/kitty_02_Test_cv_s3_2.p
Config *****   tr: p_files/kitty_00_Train_cv_s3_2.p
loading /home/weihao/Projects/p_files/kitty_00_Train_cv_s3_2.p 0:00:50.119105 27234 27234 589 10.478008789718956
Saving averages: /home/weihao/Projects/my_nets/fc/../../NNs/r2_fc_avg.p
0 -0.018457146563392913 0.4375873002421378
1 -0.14816006557579753 0.4526170198584164
2 -0.019741276992856868 0.4338582472111852
3 -0.14865576668737226 0.4508598297240309
loading /home/weihao/Projects/p_files/kitty_02_Test_cv_s3_2.p 0:00:42.711733 27954 4201 494 10.388658978095249
loading /home/weihao/Projects/p_files/kitty_00_Train_cv_s3_2.p 0:00:49.721812 27234 2785 589 10.478008789718956
Reading average file /home/weihao/Projects/my_nets/fc/../../NNs/r2_fc_avg.p
Reading average file /home/weihao/Projects/my_nets/fc/../../NNs/r2_fc_avg.p
Reading average file /home/weihao/Projects/my_nets/fc/../../NNs/r2_fc_avg.p
input attribute 4 LR 0.0001 feature 20 add 0
feature_0 4 32
base_0 160 1024
base_1 1024 128
out_0 128 32
out 32 3
2019-04-24 20:37:15.469741: I tensorflow/core/platform/cpu_feature_guard.cc:137] Your CPU supports instructions that this TensorFlow binary was not compiled to use: SSE4.1 SSE4.2 AVX
it: 0.000 0.000 1.00e-04 675.260 431.429 6.164 5.969  675.310 431.409 6.172 5.971  
it: 0.005 0.457 9.95e-05 604.266 389.675 6.012 5.823  25.570 23.343 3.092 3.157  53.960 
it: 0.010 0.914 9.90e-05 587.253 378.647 5.771 5.671  17.962 15.926 2.317 2.326  20.615 
it: 0.015 1.368 9.85e-05 579.129 374.298 5.622 5.576  15.741 14.121 2.217 2.202  17.522 
it: 0.020 1.822 9.80e-05 576.556 373.243 5.553 5.504  10.229 9.451 1.697 1.739  14.076 
it: 0.025 2.276 9.75e-05 545.899 352.951 4.991 5.035  7.600 5.934 1.346 1.381  8.930 
it: 0.030 2.730 9.70e-05 525.636 339.627 4.720 4.760  7.863 5.806 1.287 1.341  7.554 
it: 0.035 3.184 9.65e-05 500.944 318.904 4.164 4.326  7.140 6.486 1.276 1.304  6.869 
it: 0.040 3.638 9.60e-05 472.265 295.945 3.559 3.784  6.324 5.290 1.172 1.208  6.382 
it: 0.045 4.091 9.55e-05 419.198 261.295 3.172 3.295  5.914 5.281 1.285 1.333  5.988 
it: 0.050 4.548 9.50e-05 362.945 220.538 2.551 2.687  5.231 4.797 1.165 1.197  5.639 
it: 0.055 5.005 9.45e-05 309.358 176.908 2.215 2.345  5.506 5.136 1.078 1.130  5.288 
it: 0.060 5.465 9.40e-05 229.964 141.637 2.150 2.274  4.975 4.448 1.101 1.135  5.011 
it: 0.065 5.924 9.35e-05 164.451 95.478 1.991 2.000  5.039 4.572 1.034 1.062  4.743 
it: 0.070 6.383 9.30e-05 152.858 80.547 1.860 1.892  6.044 5.716 1.370 1.381  4.563 
it: 0.075 6.842 9.25e-05 111.333 62.354 1.795 1.822  4.108 4.309 1.090 1.157  4.428 
it: 0.080 7.302 9.20e-05 64.903 35.398 1.610 1.593  3.547 3.468 0.966 0.992  4.193 
it: 0.085 7.761 9.15e-05 52.781 31.704 1.686 1.678  4.220 4.449 1.044 1.108  4.050 
it: 0.090 8.226 9.10e-05 50.424 29.279 1.707 1.686  4.324 4.069 1.010 1.039  3.983 
it: 0.095 8.685 9.05e-05 34.285 19.709 1.493 1.477  3.869 3.535 0.964 0.996  3.790 
it: 0.100 9.144 9.00e-05 39.811 22.052 1.503 1.546  3.330 3.643 0.968 1.001  3.743 
it: 0.105 9.603 8.95e-05 25.028 16.824 1.436 1.440  3.124 3.452 1.000 0.986  3.603 
it: 0.110 10.063 8.90e-05 14.018 11.189 1.413 1.437  4.025 3.006 0.931 0.962  3.539 
it: 0.115 10.522 8.85e-05 15.369 10.978 1.356 1.373  2.664 3.203 0.930 0.960  3.437 
it: 0.120 10.982 8.80e-05 17.551 12.977 1.411 1.439  3.714 3.451 0.951 1.005  3.358 
it: 0.125 11.441 8.75e-05 15.256 10.589 1.414 1.406  3.107 3.342 0.987 0.969  3.301 
it: 0.130 11.900 8.70e-05 13.853 10.632 1.435 1.398  3.098 3.433 1.021 1.044  3.264 
it: 0.135 12.360 8.65e-05 16.962 11.536 1.416 1.426  3.942 3.859 0.979 1.024  3.182 
it: 0.140 12.819 8.60e-05 8.507 7.645 1.308 1.380  3.791 3.635 0.943 0.986  3.099 
it: 0.145 13.278 8.55e-05 12.202 10.249 1.485 1.493  3.464 4.328 1.151 1.158  3.074 
it: 0.150 13.736 8.50e-05 12.391 11.091 1.461 1.416  3.370 4.178 1.002 1.036  3.020 
it: 0.155 14.197 8.45e-05 9.862 7.988 1.405 1.410  2.564 3.084 0.877 0.933  2.991 
it: 0.160 14.656 8.40e-05 11.050 8.742 1.335 1.324  2.678 3.033 0.945 0.950  2.918 
it: 0.165 15.115 8.35e-05 10.941 8.595 1.297 1.317  2.396 2.937 0.891 0.909  2.900 
it: 0.170 15.575 8.30e-05 11.164 7.609 1.302 1.337  3.454 3.538 0.944 0.939  2.847 
it: 0.175 16.034 8.25e-05 11.656 10.381 1.496 1.462  4.007 4.228 1.034 1.056  2.788 
it: 0.180 16.493 8.20e-05 7.565 7.751 1.324 1.311  2.650 2.964 0.971 0.964  2.777 
it: 0.185 16.952 8.15e-05 8.104 8.174 1.327 1.404  2.749 3.916 0.943 0.995  2.771 
it: 0.190 17.411 8.10e-05 7.776 7.299 1.331 1.317  3.001 3.244 0.952 0.988  2.699 
it: 0.195 17.871 8.05e-05 7.382 6.773 1.266 1.274  2.211 2.811 0.850 0.876  2.688 
it: 0.200 18.330 8.00e-05 8.357 7.857 1.250 1.321  2.967 3.093 0.889 0.929  2.672 
it: 0.205 18.789 7.95e-05 9.066 7.203 1.300 1.300  2.315 2.971 0.863 0.881  2.663 
it: 0.210 19.248 7.90e-05 8.864 7.005 1.321 1.304  2.301 2.965 0.911 0.956  2.587 
it: 0.215 19.708 7.85e-05 7.408 7.680 1.274 1.287  2.308 3.120 0.890 0.921  2.551 
it: 0.220 20.167 7.80e-05 7.732 6.869 1.329 1.303  2.155 2.847 0.850 0.912  2.494 
it: 0.225 20.626 7.75e-05 6.534 6.546 1.259 1.308  2.572 2.738 0.895 0.901  2.479 
it: 0.230 21.085 7.70e-05 6.108 6.380 1.223 1.247  1.983 2.609 0.829 0.863  2.491 
it: 0.235 21.545 7.65e-05 9.413 8.630 1.426 1.431  2.270 3.096 0.922 0.932  2.450 
it: 0.240 22.004 7.60e-05 6.710 7.094 1.296 1.353  3.019 3.168 0.919 0.930  2.438 
it: 0.245 22.464 7.55e-05 7.166 7.866 1.342 1.413  2.246 3.100 0.919 0.940  2.401 
it: 0.250 22.923 7.50e-05 9.773 6.547 1.185 1.205  2.041 2.747 0.819 0.833  2.375 
it: 0.255 23.382 7.45e-05 7.394 6.790 1.242 1.288  2.224 3.353 0.875 0.937  2.391 
it: 0.260 23.841 7.40e-05 7.461 7.781 1.224 1.292  1.868 2.690 0.819 0.846  2.362 
it: 0.265 24.301 7.35e-05 6.979 6.448 1.187 1.189  1.990 2.607 0.801 0.826  2.357 
it: 0.270 24.760 7.30e-05 7.721 7.638 1.225 1.265  1.934 3.102 0.831 0.864  2.311 
it: 0.275 25.219 7.25e-05 9.286 6.755 1.282 1.264  2.090 2.781 0.833 0.856  2.295 
it: 0.280 25.678 7.20e-05 7.202 6.363 1.207 1.211  2.387 2.812 0.863 0.872  2.296 
it: 0.285 26.138 7.15e-05 6.780 6.642 1.154 1.239  2.106 2.464 0.798 0.826  2.240 
it: 0.290 26.597 7.10e-05 6.612 6.324 1.246 1.205  1.819 2.601 0.859 0.869  2.270 
it: 0.295 27.056 7.05e-05 7.765 7.878 1.265 1.270  2.128 2.789 0.814 0.848  2.236 
it: 0.300 27.516 7.00e-05 6.403 6.272 1.186 1.243  1.975 2.904 0.803 0.830  2.213 
it: 0.305 27.975 6.95e-05 7.661 6.468 1.254 1.270  2.051 2.744 0.860 0.870  2.182 
it: 0.310 28.434 6.90e-05 6.311 6.147 1.214 1.217  2.099 2.676 0.831 0.841  2.185 
it: 0.315 28.893 6.85e-05 6.619 6.265 1.240 1.225  2.291 2.739 0.837 0.851  2.137 
it: 0.320 29.352 6.80e-05 6.592 7.785 1.220 1.193  2.089 2.802 0.814 0.836  2.162 
it: 0.325 29.812 6.75e-05 6.661 6.782 1.276 1.280  1.827 3.030 0.828 0.853  2.150 
it: 0.330 30.271 6.70e-05 5.741 6.161 1.197 1.226  1.685 2.942 0.823 0.821  2.093 
it: 0.335 30.730 6.65e-05 5.255 5.775 1.212 1.255  1.912 2.838 0.894 0.917  2.140 
it: 0.340 31.190 6.60e-05 5.654 5.961 1.177 1.205  1.931 2.821 0.805 0.849  2.109 
it: 0.345 31.649 6.55e-05 6.541 6.213 1.278 1.308  2.235 3.240 0.940 1.003  2.083 
it: 0.350 32.108 6.50e-05 6.518 5.979 1.210 1.240  1.714 2.601 0.799 0.854  2.088 
it: 0.355 32.567 6.45e-05 5.323 6.190 1.170 1.238  1.890 2.473 0.821 0.843  2.042 
it: 0.360 33.026 6.40e-05 5.826 7.021 1.169 1.175  1.729 2.854 0.826 0.856  2.039 
it: 0.365 33.486 6.35e-05 5.681 6.230 1.175 1.180  1.597 2.366 0.774 0.820  2.021 
it: 0.370 33.946 6.30e-05 6.535 5.760 1.214 1.220  1.824 2.683 0.843 0.899  1.996 
it: 0.375 34.405 6.25e-05 6.932 6.431 1.170 1.205  1.894 2.754 0.867 0.894  1.990 
it: 0.380 34.865 6.20e-05 5.634 5.973 1.152 1.138  1.620 2.815 0.796 0.800  1.932 
it: 0.385 35.324 6.15e-05 5.768 6.093 1.203 1.216  2.062 2.696 0.844 0.865  1.933 
it: 0.390 35.783 6.10e-05 5.958 5.869 1.162 1.168  1.809 2.485 0.765 0.810  1.950 
it: 0.395 36.242 6.05e-05 6.051 6.172 1.158 1.185  1.656 2.571 0.783 0.840  1.926 
it: 0.400 36.702 6.00e-05 5.531 6.675 1.160 1.195  1.557 2.547 0.781 0.814  1.919 
it: 0.405 37.161 5.95e-05 6.077 5.515 1.180 1.235  1.773 2.718 0.816 0.870  1.890 
it: 0.410 37.620 5.90e-05 5.347 6.023 1.174 1.183  1.761 2.507 0.815 0.834  1.887 
it: 0.415 38.079 5.85e-05 5.865 5.698 1.225 1.208  1.941 2.723 0.848 0.877  1.902 
it: 0.420 38.538 5.80e-05 6.529 5.542 1.173 1.146  1.963 2.370 0.808 0.825  1.861 
it: 0.425 38.998 5.75e-05 6.331 6.197 1.189 1.214  1.821 2.660 0.795 0.832  1.867 
it: 0.430 39.457 5.70e-05 6.443 5.972 1.199 1.230  1.587 2.949 0.794 0.841  1.873 
it: 0.435 39.916 5.65e-05 6.477 5.967 1.177 1.196  1.763 2.682 0.791 0.810  1.823 
it: 0.440 40.375 5.60e-05 5.687 5.432 1.185 1.200  1.836 2.626 0.859 0.882  1.859 
it: 0.445 40.835 5.55e-05 4.902 5.412 1.156 1.147  1.512 3.027 0.778 0.820  1.818 
it: 0.450 41.294 5.50e-05 5.155 5.512 1.174 1.186  1.567 2.899 0.764 0.818  1.790 
it: 0.455 41.753 5.45e-05 6.549 5.646 1.191 1.241  1.626 2.546 0.774 0.826  1.781 
it: 0.460 42.212 5.40e-05 5.100 5.034 1.122 1.101  1.469 2.486 0.745 0.758  1.760 
it: 0.465 42.671 5.35e-05 5.398 5.671 1.164 1.214  1.695 2.976 0.814 0.884  1.769 
it: 0.470 43.131 5.30e-05 5.530 7.727 1.141 1.156  1.385 2.479 0.769 0.805  1.749 
it: 0.475 43.590 5.25e-05 8.747 9.117 1.141 1.178  4.252 2.475 0.788 0.831  1.788 
it: 0.480 44.049 5.20e-05 5.992 5.597 1.136 1.160  1.513 2.400 0.789 0.806  1.743 
it: 0.485 44.508 5.15e-05 5.189 5.502 1.189 1.218  1.446 2.297 0.760 0.803  1.731 
it: 0.490 44.968 5.10e-05 5.432 6.131 1.225 1.289  1.993 2.962 0.882 0.940  1.725 
it: 0.495 45.427 5.05e-05 5.479 6.058 1.122 1.184  1.482 2.503 0.792 0.844  1.707 
it: 0.500 45.886 5.00e-05 5.632 5.443 1.171 1.211  1.740 2.422 0.792 0.807  1.732 
it: 0.505 46.351 4.95e-05 6.344 7.142 1.115 1.154  3.817 2.227 0.767 0.787  1.710 
it: 0.510 46.810 4.90e-05 5.488 5.837 1.158 1.172  1.537 2.478 0.767 0.804  1.683 
it: 0.515 47.270 4.85e-05 5.781 5.480 1.169 1.164  1.703 2.390 0.752 0.786  1.682 
it: 0.520 47.729 4.80e-05 5.060 5.358 1.149 1.164  1.398 2.264 0.763 0.801  1.667 
it: 0.525 48.189 4.75e-05 6.016 6.081 1.135 1.153  1.548 2.355 0.777 0.788  1.647 
it: 0.530 48.648 4.70e-05 5.488 5.256 1.129 1.137  1.534 2.274 0.748 0.766  1.619 
it: 0.535 49.107 4.65e-05 5.684 5.682 1.144 1.156  1.661 3.013 0.774 0.823  1.612 
it: 0.540 49.566 4.60e-05 6.033 5.793 1.125 1.180  1.429 2.406 0.737 0.784  1.601 
it: 0.545 50.026 4.55e-05 6.441 5.222 1.117 1.114  1.423 2.340 0.725 0.761  1.610 
it: 0.550 50.491 4.50e-05 5.559 5.346 1.154 1.162  1.416 2.227 0.739 0.781  1.580 
it: 0.555 50.953 4.45e-05 6.185 6.122 1.226 1.240  2.155 2.652 0.900 0.920  1.587 
it: 0.560 51.412 4.40e-05 4.915 5.183 1.093 1.105  1.621 2.277 0.722 0.769  1.568 
it: 0.565 51.872 4.35e-05 5.469 5.137 1.143 1.146  1.839 2.490 0.787 0.815  1.546 
it: 0.570 52.331 4.30e-05 5.690 5.204 1.083 1.124  1.352 2.291 0.737 0.762  1.538 
it: 0.575 52.791 4.25e-05 5.346 5.477 1.074 1.110  1.484 2.396 0.725 0.785  1.559 
it: 0.580 53.250 4.20e-05 4.825 5.392 1.070 1.098  1.310 2.650 0.739 0.773  1.532 
it: 0.585 53.710 4.15e-05 5.356 6.033 1.136 1.160  1.466 2.628 0.763 0.804  1.540 
it: 0.590 54.170 4.10e-05 5.946 5.131 1.139 1.129  1.546 2.384 0.764 0.791  1.501 
it: 0.595 54.629 4.05e-05 5.152 5.915 1.157 1.163  1.497 2.346 0.753 0.782  1.492 
it: 0.600 55.089 4.00e-05 5.637 4.934 1.096 1.122  1.356 2.737 0.780 0.804  1.493 
it: 0.605 55.548 3.95e-05 5.234 5.253 1.079 1.082  1.321 2.186 0.732 0.768  1.476 
it: 0.610 56.008 3.90e-05 6.620 5.163 1.087 1.117  1.238 2.226 0.711 0.753  1.477 
it: 0.615 56.467 3.85e-05 5.801 5.892 1.077 1.090  1.461 3.200 0.725 0.754  1.498 
it: 0.620 56.926 3.80e-05 5.127 5.638 1.086 1.111  1.376 2.253 0.748 0.775  1.464 
it: 0.625 57.386 3.75e-05 5.684 5.003 1.108 1.144  1.225 2.334 0.725 0.792  1.443 
it: 0.630 57.845 3.70e-05 5.038 5.264 1.120 1.133  1.485 2.451 0.779 0.826  1.409 
it: 0.635 58.304 3.65e-05 4.541 5.303 1.129 1.148  1.340 2.432 0.758 0.819  1.414 
it: 0.640 58.763 3.60e-05 4.411 6.536 1.104 1.117  1.329 2.168 0.760 0.803  1.407 
it: 0.645 59.223 3.55e-05 8.507 4.903 1.059 1.085  1.410 2.197 0.710 0.756  1.416 
it: 0.650 59.682 3.50e-05 4.839 4.948 1.051 1.074  1.234 2.227 0.698 0.743  1.388 
it: 0.655 60.141 3.45e-05 5.336 5.530 1.111 1.115  1.305 2.407 0.756 0.770  1.400 
it: 0.660 60.600 3.40e-05 4.990 4.726 1.083 1.105  1.420 2.335 0.773 0.821  1.382 
it: 0.665 61.059 3.35e-05 4.654 4.953 1.072 1.105  1.247 2.342 0.722 0.751  1.365 
it: 0.670 61.518 3.30e-05 4.662 5.287 1.076 1.070  1.244 2.088 0.723 0.754  1.359 
it: 0.675 61.978 3.25e-05 4.812 4.745 1.108 1.104  1.460 2.329 0.753 0.782  1.348 
it: 0.680 62.437 3.20e-05 4.616 5.183 1.086 1.123  1.309 2.361 0.724 0.778  1.331 
it: 0.685 62.896 3.15e-05 4.666 5.117 1.128 1.105  1.404 2.225 0.725 0.786  1.345 
it: 0.690 63.356 3.10e-05 5.224 4.644 1.084 1.086  1.283 2.347 0.719 0.762  1.347 
it: 0.695 63.815 3.05e-05 4.694 5.142 1.114 1.116  1.353 2.317 0.769 0.826  1.317 
it: 0.700 64.274 3.00e-05 4.879 4.760 1.071 1.067  1.116 2.142 0.688 0.747  1.312 
it: 0.705 64.734 2.95e-05 4.812 5.019 1.097 1.120  1.417 2.487 0.721 0.782  1.313 
it: 0.710 65.193 2.90e-05 4.785 5.081 1.142 1.153  1.237 2.369 0.716 0.771  1.288 
it: 0.715 65.652 2.85e-05 4.255 5.136 1.061 1.076  1.198 2.141 0.713 0.734  1.281 
it: 0.720 66.111 2.80e-05 4.877 5.121 1.063 1.073  1.345 2.089 0.711 0.744  1.293 
it: 0.725 66.570 2.75e-05 4.595 4.974 1.056 1.124  1.242 2.485 0.733 0.809  1.276 
it: 0.730 67.030 2.70e-05 5.287 5.129 1.032 1.072  1.214 2.538 0.701 0.752  1.265 
it: 0.735 67.489 2.65e-05 4.287 4.884 1.067 1.100  1.252 2.316 0.697 0.759  1.255 
it: 0.740 67.950 2.60e-05 5.186 5.539 1.055 1.079  1.315 2.194 0.704 0.735  1.249 
it: 0.745 68.409 2.55e-05 4.349 5.208 1.056 1.045  1.326 2.502 0.686 0.735  1.245 
it: 0.750 68.869 2.50e-05 4.232 4.751 1.044 1.082  1.175 2.203 0.695 0.723  1.241 
it: 0.755 69.329 2.45e-05 4.039 4.720 1.017 1.061  1.097 2.079 0.665 0.721  1.235 
it: 0.760 69.788 2.40e-05 4.636 4.661 1.040 1.096  1.193 2.258 0.729 0.783  1.236 
it: 0.765 70.247 2.35e-05 4.770 4.768 1.070 1.098  1.265 2.492 0.732 0.764  1.208 
it: 0.770 70.707 2.30e-05 5.251 4.869 1.026 1.087  1.158 2.297 0.697 0.748  1.201 
it: 0.775 71.173 2.25e-05 5.098 4.885 1.066 1.093  1.131 2.201 0.677 0.737  1.207 
it: 0.780 71.633 2.20e-05 4.958 4.658 0.998 1.044  1.063 2.105 0.661 0.724  1.199 
it: 0.785 72.093 2.15e-05 5.024 4.873 1.002 1.039  1.101 2.285 0.681 0.730  1.190 
it: 0.790 72.552 2.10e-05 5.651 4.590 1.020 1.033  2.344 2.215 0.672 0.718  1.173 
it: 0.795 73.012 2.05e-05 3.998 4.354 1.018 1.007  0.995 1.930 0.669 0.716  1.173 
it: 0.800 73.471 2.00e-05 4.251 4.792 1.004 1.046  1.097 2.024 0.666 0.734  1.187 
it: 0.805 73.930 1.95e-05 5.695 4.815 1.070 1.098  1.159 2.446 0.706 0.742  1.156 
it: 0.810 74.390 1.90e-05 4.012 4.779 1.010 1.019  1.012 2.151 0.666 0.724  1.137 
it: 0.815 74.849 1.85e-05 4.779 4.535 0.995 1.039  1.064 1.990 0.672 0.737  1.159 
it: 0.820 75.309 1.80e-05 4.610 5.080 1.024 1.061  1.194 2.248 0.679 0.718  1.131 
it: 0.825 75.768 1.75e-05 4.747 4.780 1.009 1.043  1.048 2.276 0.672 0.726  1.121 
it: 0.830 76.227 1.70e-05 4.736 4.710 1.051 1.044  1.134 2.285 0.703 0.742  1.126 
it: 0.835 76.690 1.65e-05 4.112 4.433 1.002 1.029  1.065 2.117 0.696 0.723  1.114 
it: 0.840 77.160 1.60e-05 4.488 4.119 1.008 1.004  1.045 2.035 0.670 0.700  1.102 
it: 0.845 77.621 1.55e-05 4.265 4.446 1.023 1.020  0.987 2.079 0.679 0.720  1.094 
it: 0.850 78.082 1.50e-05 3.855 4.525 0.999 1.042  1.232 2.255 0.680 0.747  1.095 
it: 0.855 78.542 1.45e-05 4.527 4.516 1.028 1.044  1.067 2.013 0.675 0.712  1.093 
it: 0.860 79.002 1.40e-05 6.258 4.644 1.015 1.035  1.135 2.122 0.672 0.725  1.091 
it: 0.865 79.462 1.35e-05 3.857 4.582 1.028 1.042  1.046 2.123 0.706 0.746  1.077 
it: 0.870 79.923 1.30e-05 4.694 4.273 0.979 1.010  1.170 1.894 0.654 0.717  1.082 
it: 0.875 80.384 1.25e-05 3.717 4.281 0.992 1.016  1.013 2.054 0.664 0.720  1.063 
it: 0.880 80.844 1.20e-05 4.193 4.766 0.989 1.045  0.969 2.417 0.662 0.729  1.069 
it: 0.885 81.305 1.15e-05 3.866 4.321 0.983 1.020  1.029 2.423 0.679 0.728  1.055 
it: 0.890 81.766 1.10e-05 4.643 4.468 1.041 1.098  1.287 2.240 0.733 0.778  1.049 
it: 0.895 82.226 1.05e-05 4.503 4.469 0.979 1.019  0.972 2.196 0.644 0.702  1.047 
it: 0.900 82.687 1.00e-05 4.764 4.223 0.980 1.010  0.929 1.838 0.651 0.702  1.029 
it: 0.905 83.147 9.50e-06 4.968 4.832 0.989 1.008  2.877 2.002 0.651 0.703  1.031 
it: 0.910 83.607 9.00e-06 4.155 4.405 0.952 1.007  0.979 2.058 0.660 0.707  1.029 
it: 0.915 84.067 8.50e-06 4.116 4.448 0.962 0.982  0.945 2.747 0.653 0.705  1.019 
it: 0.920 84.528 8.00e-06 3.922 4.230 0.979 1.006  0.978 2.157 0.640 0.701  1.018 
it: 0.925 84.988 7.50e-06 3.700 4.203 0.997 0.991  0.993 1.995 0.668 0.703  1.010 
it: 0.930 85.449 7.00e-06 4.389 4.551 0.978 1.013  0.969 1.987 0.647 0.708  1.004 
it: 0.935 85.909 6.50e-06 4.621 4.417 0.995 0.995  1.141 2.177 0.638 0.694  0.999 
it: 0.940 86.369 6.00e-06 3.893 4.558 0.974 1.007  1.118 2.063 0.637 0.714  0.991 
it: 0.945 86.829 5.50e-06 4.106 4.532 0.984 0.994  0.888 1.926 0.640 0.702  0.984 
it: 0.950 87.288 5.00e-06 4.279 4.540 0.947 1.005  0.911 2.163 0.654 0.701  0.978 
it: 0.955 87.747 4.50e-06 4.799 4.230 0.956 0.988  0.974 2.033 0.657 0.692  0.976 
it: 0.960 88.207 4.00e-06 4.310 4.057 0.984 1.008  1.051 1.875 0.648 0.706  0.975 
it: 0.965 88.666 3.50e-06 5.106 4.162 0.948 0.992  0.972 1.932 0.635 0.690  0.969 
it: 0.970 89.125 3.00e-06 5.541 4.185 0.978 1.016  0.970 1.971 0.645 0.714  0.961 
it: 0.975 89.585 2.50e-06 4.712 4.024 0.968 1.013  0.980 1.870 0.634 0.689  0.960 
it: 0.980 90.044 2.00e-06 3.857 4.204 0.969 1.002  1.126 2.045 0.647 0.698  0.953 
it: 0.985 90.503 1.50e-06 4.747 4.116 0.962 0.987  0.958 2.052 0.660 0.693  0.950 


