Config *****   INC_win: 1
Config *****   SIG: 0
Config *****   add_len: 0
Config *****   att: 4
Config *****   batch_size: 100
Config *****   feature_len: 20
Config *****   loop: 5
Config *****   lr: 0.0001
Config *****   memory_size: 100000
Config *****   multi: 100
Config *****   netFile: r2
Config *****   nodes_0_base: 256, 32
Config *****   nodes_1_out: 16
Config *****   nodes_2_feature: 16
Config *****   num_output: 3
Config *****   t_scale: 10
Config *****   te3: p_files/office_Test_cv_s3_2.p
Config *****   tr3: p_files/office_Train_cv_s3_2.p
loading /home/weihao/Projects/p_files/office_Train_cv_s3_2.p 0:00:24.330532 35922 35922 239 2.7427573220863017
Saving averages: /home/weihao/Projects/my_nets/fc/../../NNs/r2_fc_avg.p
0 -0.026311773332219072 0.5252802153126495
1 -0.07074986420046307 0.47161679530041634
2 -0.02651643134014101 0.5246955130375742
3 -0.07081071713864276 0.4713727494583532
loading /home/weihao/Projects/p_files/office_Test_cv_s3_2.p 0:00:17.594623 23952 3720 234 3.1329927086501987
loading /home/weihao/Projects/p_files/office_Train_cv_s3_2.p 0:00:26.497837 35922 3540 239 2.7427573220863017
Reading average file /home/weihao/Projects/my_nets/fc/../../NNs/r2_fc_avg.p
Reading average file /home/weihao/Projects/my_nets/fc/../../NNs/r2_fc_avg.p
Reading average file /home/weihao/Projects/my_nets/fc/../../NNs/r2_fc_avg.p
input attribute 4 LR 0.0001 feature 20 add 0
feature_0 4 16
base_0 48 256
base_1 256 32
out_0 32 16
out 16 3
2019-04-26 09:24:58.076410: I tensorflow/core/common_runtime/gpu/gpu_device.cc:1432] Found device 0 with properties: 
name: TITAN Xp major: 6 minor: 1 memoryClockRate(GHz): 1.582
pciBusID: 0000:03:00.0
totalMemory: 11.90GiB freeMemory: 11.64GiB
2019-04-26 09:24:58.076451: I tensorflow/core/common_runtime/gpu/gpu_device.cc:1511] Adding visible gpu devices: 0
2019-04-26 09:24:58.283569: I tensorflow/core/common_runtime/gpu/gpu_device.cc:982] Device interconnect StreamExecutor with strength 1 edge matrix:
2019-04-26 09:24:58.283611: I tensorflow/core/common_runtime/gpu/gpu_device.cc:988]      0 
2019-04-26 09:24:58.283624: I tensorflow/core/common_runtime/gpu/gpu_device.cc:1001] 0:   N 
2019-04-26 09:24:58.283903: I tensorflow/core/common_runtime/gpu/gpu_device.cc:1115] Created TensorFlow device (/job:localhost/replica:0/task:0/device:GPU:0 with 11263 MB memory) -> physical GPU (device: 0, name: TITAN Xp, pci bus id: 0000:03:00.0, compute capability: 6.1)
it: 0.000 0.001 1.00e-04 281.087 311.192 10.557 11.421  281.191 311.178 10.584 11.427  
it: 0.005 0.416 9.95e-05 112.167 135.753 6.823 7.379  32.311 46.020 3.792 4.294  53.668 
it: 0.010 0.832 9.90e-05 79.272 101.992 5.549 6.165  25.208 40.892 3.271 4.019  27.461 
it: 0.015 1.247 9.85e-05 57.687 79.016 4.633 5.291  23.508 38.907 3.179 3.885  24.222 
it: 0.020 1.663 9.80e-05 49.863 72.250 4.386 5.065  23.150 39.617 3.171 3.994  22.368 
it: 0.025 2.079 9.75e-05 40.536 62.892 3.962 4.657  20.048 38.181 2.995 3.826  21.201 
it: 0.030 2.495 9.70e-05 39.084 61.304 3.857 4.547  20.156 37.622 2.961 3.791  20.305 
it: 0.035 2.911 9.65e-05 35.581 56.644 3.657 4.293  19.824 37.669 2.929 3.682  19.601 
it: 0.040 3.326 9.60e-05 35.934 57.352 3.758 4.465  19.919 38.722 2.938 3.857  19.015 
it: 0.045 3.743 9.55e-05 33.203 53.404 3.550 4.220  18.432 35.864 2.871 3.624  18.517 
it: 0.050 4.158 9.50e-05 33.883 55.252 3.570 4.258  18.379 37.384 2.811 3.662  18.119 
it: 0.055 4.574 9.45e-05 32.532 53.993 3.581 4.240  17.640 35.739 2.746 3.688  17.775 
it: 0.060 4.989 9.40e-05 33.094 55.235 3.609 4.341  18.076 37.632 2.788 3.749  17.454 
it: 0.065 5.405 9.35e-05 31.187 53.302 3.504 4.213  17.595 36.516 2.744 3.720  17.179 
it: 0.070 5.821 9.30e-05 31.117 52.519 3.555 4.259  17.469 36.460 2.732 3.678  16.937 
it: 0.075 6.236 9.25e-05 31.084 51.779 3.525 4.135  17.189 35.454 2.743 3.664  16.703 
it: 0.080 6.652 9.20e-05 29.333 50.262 3.367 4.136  17.523 35.202 2.772 3.711  16.508 
it: 0.085 7.069 9.15e-05 29.767 50.444 3.366 4.098  17.191 36.731 2.757 3.707  16.354 
it: 0.090 7.485 9.10e-05 29.497 49.630 3.353 4.156  16.494 34.964 2.665 3.623  16.196 
it: 0.095 7.900 9.05e-05 30.601 50.050 3.429 4.130  16.685 36.247 2.627 3.663  16.028 
it: 0.100 8.316 9.00e-05 29.138 50.824 3.361 4.049  15.892 37.079 2.581 3.714  15.902 
it: 0.105 8.732 8.95e-05 30.178 50.371 3.427 4.148  16.807 38.165 2.658 3.766  15.793 
it: 0.110 9.147 8.90e-05 28.450 49.090 3.375 4.167  15.923 35.407 2.571 3.653  15.674 
it: 0.115 9.563 8.85e-05 29.080 49.508 3.390 4.102  16.508 35.509 2.657 3.626  15.584 
it: 0.120 9.979 8.80e-05 28.184 48.798 3.306 3.929  15.673 34.623 2.609 3.581  15.472 
it: 0.125 10.394 8.75e-05 28.121 47.063 3.312 4.100  16.348 34.866 2.590 3.631  15.381 
it: 0.130 10.810 8.70e-05 28.131 48.454 3.369 4.067  15.971 35.804 2.575 3.659  15.302 
it: 0.135 11.226 8.65e-05 27.953 49.660 3.315 4.100  15.645 36.239 2.585 3.670  15.211 
it: 0.140 11.641 8.60e-05 27.880 46.744 3.294 3.998  15.462 34.268 2.545 3.650  15.140 
it: 0.145 12.057 8.55e-05 27.902 47.374 3.362 3.974  15.629 34.991 2.589 3.608  15.080 
it: 0.150 12.473 8.50e-05 28.664 49.398 3.362 4.016  15.778 35.422 2.657 3.640  15.017 
it: 0.155 12.889 8.45e-05 27.559 48.573 3.214 3.993  14.677 35.135 2.476 3.613  14.942 
it: 0.160 13.304 8.40e-05 28.414 50.889 3.402 4.098  15.404 37.371 2.549 3.637  14.902 
it: 0.165 13.720 8.35e-05 27.705 50.629 3.235 4.048  15.359 40.232 2.437 3.606  14.823 
it: 0.170 14.136 8.30e-05 27.708 48.224 3.257 4.007  15.776 35.941 2.582 3.617  14.778 
it: 0.175 14.551 8.25e-05 28.239 51.274 3.292 4.026  15.699 37.857 2.523 3.581  14.727 
it: 0.180 14.966 8.20e-05 27.751 49.542 3.349 4.071  15.418 35.854 2.527 3.653  14.683 
it: 0.185 15.383 8.15e-05 27.626 48.666 3.261 4.021  15.002 36.098 2.509 3.651  14.621 
it: 0.190 15.798 8.10e-05 26.467 48.257 3.209 3.954  14.991 35.324 2.483 3.618  14.600 
it: 0.195 16.213 8.05e-05 28.835 52.022 3.263 4.010  15.025 37.700 2.499 3.594  14.537 
it: 0.200 16.629 8.00e-05 26.593 48.855 3.255 3.952  15.193 35.075 2.529 3.557  14.511 
it: 0.205 17.044 7.95e-05 27.329 48.523 3.244 3.970  14.582 35.685 2.477 3.542  14.459 
it: 0.210 17.460 7.90e-05 26.547 47.853 3.218 3.989  15.081 37.160 2.495 3.549  14.424 
it: 0.215 17.876 7.85e-05 27.650 50.175 3.247 4.030  14.091 35.648 2.434 3.516  14.383 
it: 0.220 18.291 7.80e-05 27.702 49.414 3.278 3.962  15.013 35.763 2.515 3.617  14.347 
it: 0.225 18.707 7.75e-05 27.867 46.152 3.231 3.923  15.067 35.483 2.454 3.621  14.301 
it: 0.230 19.123 7.70e-05 28.202 49.583 3.166 3.934  14.283 36.520 2.470 3.599  14.285 
it: 0.235 19.538 7.65e-05 26.835 49.955 3.198 4.014  14.868 38.087 2.399 3.639  14.247 
it: 0.240 19.955 7.60e-05 27.745 48.549 3.257 3.991  14.624 37.705 2.467 3.633  14.207 
it: 0.245 20.371 7.55e-05 26.862 48.013 3.248 4.016  14.558 35.408 2.485 3.582  14.189 
it: 0.250 20.786 7.50e-05 27.885 47.833 3.194 4.000  14.205 35.719 2.384 3.585  14.155 
it: 0.255 21.202 7.45e-05 27.197 46.467 3.213 3.994  14.771 33.911 2.492 3.536  14.122 
it: 0.260 21.618 7.40e-05 28.217 48.534 3.209 3.913  14.695 36.678 2.467 3.554  14.089 
it: 0.265 22.033 7.35e-05 27.223 48.150 3.173 3.989  14.873 37.249 2.488 3.655  14.070 
it: 0.270 22.449 7.30e-05 26.266 45.681 3.123 3.909  14.163 35.636 2.413 3.606  14.044 
it: 0.275 22.864 7.25e-05 27.171 46.563 3.210 3.877  14.659 35.210 2.435 3.504  14.017 
it: 0.280 23.280 7.20e-05 26.715 47.506 3.177 4.018  14.346 35.457 2.408 3.531  13.995 
it: 0.285 23.695 7.15e-05 27.496 48.887 3.214 4.034  14.568 36.122 2.451 3.662  13.961 
it: 0.290 24.111 7.10e-05 26.523 47.373 3.159 3.938  15.031 37.047 2.508 3.630  13.941 
it: 0.295 24.526 7.05e-05 27.199 49.024 3.199 3.936  14.730 36.017 2.418 3.601  13.913 
it: 0.300 24.941 7.00e-05 27.128 48.822 3.221 4.036  14.283 36.182 2.446 3.537  13.891 
it: 0.305 25.356 6.95e-05 27.097 46.461 3.162 3.898  14.222 35.100 2.379 3.547  13.867 
it: 0.310 25.772 6.90e-05 26.539 47.589 3.202 3.984  14.515 34.747 2.495 3.540  13.851 
it: 0.315 26.187 6.85e-05 26.528 47.450 3.189 3.922  14.702 36.290 2.436 3.556  13.828 
it: 0.320 26.603 6.80e-05 27.081 46.440 3.194 3.931  14.964 34.700 2.495 3.538  13.783 
it: 0.325 27.018 6.75e-05 26.444 49.203 3.140 3.909  13.794 36.270 2.395 3.554  13.775 
it: 0.330 27.434 6.70e-05 27.420 48.022 3.268 4.000  14.448 35.108 2.469 3.527  13.762 
it: 0.335 27.849 6.65e-05 26.290 47.752 3.122 3.994  14.314 35.215 2.380 3.531  13.735 
it: 0.340 28.265 6.60e-05 25.786 46.055 3.191 3.955  13.982 35.738 2.420 3.590  13.715 
it: 0.345 28.680 6.55e-05 26.997 48.202 3.183 3.910  13.915 35.632 2.387 3.499  13.682 
it: 0.350 29.095 6.50e-05 25.989 47.678 3.159 4.020  13.976 35.988 2.431 3.622  13.674 
it: 0.355 29.511 6.45e-05 26.824 47.980 3.164 3.925  14.306 35.274 2.405 3.573  13.647 
it: 0.360 29.927 6.40e-05 27.121 45.755 3.202 3.899  14.280 34.491 2.424 3.493  13.625 
it: 0.365 30.342 6.35e-05 26.307 46.756 3.130 3.882  13.629 34.758 2.385 3.546  13.609 
it: 0.370 30.758 6.30e-05 26.546 47.360 3.134 4.017  13.997 34.989 2.477 3.564  13.600 
it: 0.375 31.174 6.25e-05 27.187 46.811 3.143 3.890  14.180 36.067 2.410 3.539  13.571 
it: 0.380 31.589 6.20e-05 26.714 47.137 3.142 3.957  13.919 35.132 2.405 3.496  13.544 
it: 0.385 32.004 6.15e-05 26.723 47.935 3.197 3.943  14.029 36.055 2.360 3.555  13.528 
it: 0.390 32.420 6.10e-05 26.886 47.510 3.119 3.936  13.780 35.378 2.351 3.558  13.505 
it: 0.395 32.836 6.05e-05 27.359 48.050 3.286 3.976  14.327 35.902 2.431 3.582  13.489 
it: 0.400 33.251 6.00e-05 25.757 46.806 3.168 3.923  13.604 36.631 2.356 3.585  13.469 
it: 0.405 33.668 5.95e-05 26.531 46.534 3.167 3.906  13.698 35.551 2.339 3.541  13.462 
it: 0.410 34.083 5.90e-05 26.228 46.163 3.178 3.897  13.838 35.014 2.396 3.473  13.444 
it: 0.415 34.499 5.85e-05 26.812 47.322 3.160 3.968  13.790 34.608 2.390 3.492  13.410 
it: 0.420 34.915 5.80e-05 25.991 45.865 3.148 3.868  14.198 35.826 2.403 3.577  13.402 
it: 0.425 35.331 5.75e-05 27.313 46.998 3.171 3.992  13.581 36.468 2.358 3.548  13.381 
it: 0.430 35.746 5.70e-05 26.885 48.421 3.194 3.939  14.388 35.470 2.394 3.536  13.374 
it: 0.435 36.163 5.65e-05 26.856 46.508 3.165 3.842  13.944 35.727 2.372 3.530  13.360 
it: 0.440 36.578 5.60e-05 25.937 47.148 3.173 3.934  13.486 36.124 2.329 3.618  13.332 
it: 0.445 36.995 5.55e-05 26.205 45.200 3.144 3.886  14.553 34.371 2.412 3.600  13.324 
it: 0.450 37.411 5.50e-05 26.255 48.743 3.149 3.944  13.828 36.491 2.357 3.572  13.301 
it: 0.455 37.827 5.45e-05 26.880 47.231 3.223 3.988  13.901 36.339 2.430 3.560  13.280 
it: 0.460 38.243 5.40e-05 27.128 47.753 3.197 3.960  13.962 35.681 2.390 3.560  13.270 
it: 0.465 38.658 5.35e-05 26.133 47.169 3.176 3.918  13.396 36.045 2.349 3.495  13.256 
it: 0.470 39.074 5.30e-05 26.708 47.491 3.077 3.898  13.789 37.414 2.341 3.506  13.245 
it: 0.475 39.490 5.25e-05 26.632 48.236 3.140 3.892  13.334 35.935 2.321 3.502  13.227 
it: 0.480 39.906 5.20e-05 25.913 47.212 3.230 3.924  13.733 36.015 2.379 3.605  13.225 
it: 0.485 40.321 5.15e-05 26.870 46.269 3.145 3.880  13.531 35.510 2.328 3.529  13.200 
it: 0.490 40.737 5.10e-05 26.355 47.589 3.187 3.978  13.904 36.427 2.410 3.620  13.181 
it: 0.495 41.153 5.05e-05 27.011 46.711 3.179 3.861  13.645 35.313 2.370 3.542  13.162 
it: 0.500 41.568 5.00e-05 26.116 47.999 3.132 3.990  13.702 36.052 2.321 3.519  13.162 
it: 0.505 41.984 4.95e-05 26.223 47.428 3.171 3.928  13.414 35.354 2.347 3.555  13.148 
it: 0.510 42.400 4.90e-05 26.223 46.112 3.141 3.923  13.275 35.527 2.330 3.512  13.124 
it: 0.515 42.816 4.85e-05 26.524 47.654 3.203 3.933  13.803 36.531 2.365 3.606  13.113 
it: 0.520 43.232 4.80e-05 26.824 46.252 3.164 3.908  14.252 35.588 2.338 3.648  13.095 
it: 0.525 43.647 4.75e-05 27.493 46.603 3.144 3.964  13.548 36.252 2.344 3.637  13.093 
it: 0.530 44.062 4.70e-05 26.570 46.921 3.139 3.917  13.711 36.209 2.349 3.593  13.071 
it: 0.535 44.478 4.65e-05 25.863 45.838 3.120 3.880  13.634 35.729 2.336 3.502  13.068 
it: 0.540 44.894 4.60e-05 25.794 46.225 3.141 3.909  13.408 35.738 2.392 3.581  13.056 
it: 0.545 45.309 4.55e-05 26.805 46.381 3.104 3.952  13.423 35.316 2.339 3.510  13.039 
it: 0.550 45.725 4.50e-05 25.486 47.477 3.131 3.950  13.378 36.389 2.340 3.479  13.022 
it: 0.555 46.141 4.45e-05 25.528 47.286 3.128 3.846  13.359 36.244 2.296 3.554  13.013 
it: 0.560 46.557 4.40e-05 26.499 46.805 3.123 3.925  13.544 35.999 2.323 3.493  12.999 
it: 0.565 46.972 4.35e-05 26.004 45.884 3.179 3.864  13.176 36.484 2.273 3.502  12.994 
it: 0.570 47.388 4.30e-05 25.785 45.652 3.090 3.846  13.055 35.875 2.283 3.521  12.968 
it: 0.575 47.803 4.25e-05 25.537 45.137 3.120 3.917  13.210 36.196 2.316 3.513  12.959 
it: 0.580 48.219 4.20e-05 26.305 46.432 3.167 3.963  13.155 35.678 2.291 3.512  12.948 
it: 0.585 48.634 4.15e-05 26.356 47.822 3.079 3.975  13.056 36.615 2.305 3.582  12.932 
it: 0.590 49.050 4.10e-05 27.070 46.784 3.197 3.939  13.769 35.879 2.356 3.525  12.927 
it: 0.595 49.466 4.05e-05 26.261 46.433 3.169 3.864  13.006 36.327 2.310 3.589  12.921 
it: 0.600 49.881 4.00e-05 26.256 46.325 3.119 3.956  13.478 36.039 2.383 3.522  12.915 
it: 0.605 50.297 3.95e-05 25.677 46.545 3.107 3.999  13.216 35.989 2.267 3.612  12.889 
it: 0.610 50.713 3.90e-05 25.494 46.639 3.043 3.917  13.048 34.918 2.205 3.531  12.880 
it: 0.615 51.128 3.85e-05 25.391 45.758 3.092 3.846  13.077 35.686 2.303 3.525  12.867 
it: 0.620 51.544 3.80e-05 27.263 47.473 3.155 3.840  13.581 36.018 2.398 3.496  12.846 
it: 0.625 51.960 3.75e-05 26.204 48.013 3.118 3.913  13.199 36.495 2.305 3.587  12.848 
it: 0.630 52.375 3.70e-05 26.483 45.374 3.169 3.923  13.600 35.904 2.348 3.556  12.835 
it: 0.635 52.791 3.65e-05 25.521 48.146 3.072 3.891  12.991 37.002 2.244 3.455  12.829 
it: 0.640 53.206 3.60e-05 25.662 47.901 3.125 3.863  12.756 35.933 2.297 3.508  12.808 
it: 0.645 53.621 3.55e-05 26.216 46.626 3.151 3.891  12.942 35.453 2.273 3.527  12.799 
it: 0.650 54.037 3.50e-05 25.666 47.243 3.166 3.876  13.189 36.783 2.313 3.521  12.789 
it: 0.655 54.453 3.45e-05 26.128 47.294 3.177 3.942  13.120 36.410 2.339 3.591  12.785 
it: 0.660 54.869 3.40e-05 26.343 47.772 3.170 3.937  13.633 36.351 2.290 3.553  12.764 
it: 0.665 55.285 3.35e-05 25.534 47.031 3.104 3.918  12.727 36.100 2.292 3.491  12.761 
it: 0.670 55.701 3.30e-05 25.663 47.679 3.191 3.947  13.154 35.386 2.325 3.518  12.748 
it: 0.675 56.117 3.25e-05 26.167 47.456 3.076 4.002  13.265 36.251 2.258 3.592  12.741 
it: 0.680 56.533 3.20e-05 26.935 45.864 3.160 3.862  13.421 35.719 2.273 3.542  12.727 
it: 0.685 56.948 3.15e-05 25.555 45.388 3.167 3.970  13.590 34.714 2.339 3.527  12.715 
it: 0.690 57.364 3.10e-05 25.420 46.079 3.118 3.925  12.990 34.545 2.264 3.522  12.700 
it: 0.695 57.780 3.05e-05 25.899 46.142 3.123 3.951  13.168 34.864 2.293 3.492  12.701 
it: 0.700 58.195 3.00e-05 25.572 46.600 3.097 3.860  13.465 36.483 2.338 3.588  12.686 
it: 0.705 58.610 2.95e-05 25.866 46.431 3.096 3.890  12.652 35.427 2.244 3.517  12.683 
it: 0.710 59.026 2.90e-05 25.722 46.009 3.076 3.943  12.854 35.006 2.325 3.551  12.674 
it: 0.715 59.442 2.85e-05 25.843 47.155 3.123 3.816  13.269 37.135 2.308 3.527  12.663 
it: 0.720 59.857 2.80e-05 25.726 48.293 3.159 3.903  13.156 36.474 2.319 3.544  12.655 
it: 0.725 60.273 2.75e-05 26.698 46.310 3.195 3.963  13.365 36.043 2.301 3.608  12.641 
it: 0.730 60.688 2.70e-05 25.232 46.077 3.156 3.954  13.217 34.700 2.282 3.585  12.623 
it: 0.735 61.104 2.65e-05 25.388 45.875 3.158 3.863  13.087 34.620 2.312 3.536  12.618 
it: 0.740 61.520 2.60e-05 25.450 44.826 3.116 3.934  12.897 35.593 2.295 3.532  12.621 
it: 0.745 61.936 2.55e-05 26.508 46.400 3.122 3.916  13.092 36.372 2.284 3.522  12.611 
it: 0.750 62.352 2.50e-05 25.875 47.020 3.109 3.822  12.684 36.767 2.254 3.496  12.594 
it: 0.755 62.768 2.45e-05 26.630 46.510 3.124 3.890  13.055 35.673 2.264 3.524  12.582 
it: 0.760 63.184 2.40e-05 25.378 46.520 3.076 3.870  12.970 34.931 2.269 3.491  12.562 
it: 0.765 63.600 2.35e-05 26.036 46.280 3.124 3.884  13.084 36.078 2.302 3.529  12.559 
it: 0.770 64.015 2.30e-05 25.831 45.655 3.128 3.900  13.119 36.026 2.311 3.480  12.553 
it: 0.775 64.431 2.25e-05 26.486 46.719 3.137 3.944  13.534 36.635 2.359 3.540  12.533 
it: 0.780 64.846 2.20e-05 26.181 46.340 3.079 3.871  12.997 35.792 2.264 3.527  12.533 
it: 0.785 65.262 2.15e-05 26.466 45.719 3.140 3.862  13.124 35.662 2.289 3.567  12.526 
it: 0.790 65.678 2.10e-05 25.862 46.697 3.105 3.896  12.507 36.094 2.272 3.560  12.527 
it: 0.795 66.093 2.05e-05 25.530 48.198 3.129 3.844  12.957 38.324 2.296 3.529  12.500 
it: 0.800 66.508 2.00e-05 27.597 45.835 3.104 3.914  12.970 35.845 2.289 3.463  12.495 
it: 0.805 66.924 1.95e-05 25.554 46.133 3.085 3.951  12.764 36.029 2.295 3.579  12.490 
it: 0.810 67.339 1.90e-05 25.300 47.133 3.063 3.859  13.148 37.004 2.256 3.601  12.483 
it: 0.815 67.754 1.85e-05 25.959 47.169 3.141 3.927  12.632 37.029 2.256 3.543  12.464 
it: 0.820 68.170 1.80e-05 25.654 47.453 3.093 3.943  12.537 36.328 2.280 3.533  12.455 
it: 0.825 68.585 1.75e-05 25.638 46.430 3.171 3.879  12.785 35.732 2.261 3.503  12.457 
it: 0.830 69.001 1.70e-05 25.391 46.289 3.061 3.851  12.919 36.825 2.272 3.515  12.431 
it: 0.835 69.417 1.65e-05 26.394 46.906 3.113 3.895  13.063 36.379 2.267 3.542  12.434 
it: 0.840 69.833 1.60e-05 26.730 46.568 3.091 3.906  12.575 37.028 2.279 3.595  12.432 
it: 0.845 70.249 1.55e-05 24.807 45.949 3.073 3.890  12.410 34.601 2.251 3.479  12.416 
it: 0.850 70.665 1.50e-05 25.325 45.699 3.091 3.915  12.869 35.609 2.217 3.519  12.399 
it: 0.855 71.080 1.45e-05 25.002 45.099 3.106 3.887  12.313 34.914 2.266 3.560  12.394 
it: 0.860 71.496 1.40e-05 25.317 47.649 3.033 3.845  12.764 35.826 2.276 3.498  12.386 
it: 0.865 71.912 1.35e-05 25.039 45.914 3.082 3.901  12.485 35.549 2.282 3.545  12.387 
it: 0.870 72.327 1.30e-05 25.618 46.661 3.100 3.879  12.967 35.866 2.283 3.548  12.367 
it: 0.875 72.742 1.25e-05 25.466 46.013 3.082 3.879  12.762 34.980 2.252 3.480  12.366 
it: 0.880 73.157 1.20e-05 24.879 47.775 3.129 3.870  12.716 35.480 2.313 3.518  12.347 
it: 0.885 73.573 1.15e-05 26.568 46.634 3.116 3.897  12.643 36.269 2.259 3.508  12.349 
it: 0.890 73.989 1.10e-05 25.383 45.864 3.174 3.950  12.955 36.491 2.310 3.525  12.344 
it: 0.895 74.404 1.05e-05 26.395 47.674 3.125 3.890  13.036 36.408 2.255 3.538  12.335 
it: 0.900 74.820 1.00e-05 25.934 45.372 3.113 3.837  12.748 35.573 2.256 3.580  12.327 
it: 0.905 75.235 9.50e-06 25.860 44.788 3.131 3.879  12.683 35.275 2.305 3.494  12.309 
it: 0.910 75.651 9.00e-06 25.442 48.260 3.119 3.934  12.991 35.836 2.250 3.568  12.308 
it: 0.915 76.067 8.50e-06 25.864 47.651 3.070 3.896  13.192 37.210 2.286 3.565  12.289 
it: 0.920 76.483 8.00e-06 25.705 45.421 3.101 3.892  12.549 35.921 2.268 3.477  12.283 
it: 0.925 76.898 7.50e-06 25.652 46.513 3.102 3.833  12.454 35.718 2.252 3.462  12.280 
it: 0.930 77.314 7.00e-06 26.642 45.205 3.166 3.863  13.001 34.979 2.248 3.542  12.270 
it: 0.935 77.729 6.50e-06 26.160 46.479 3.120 3.853  12.680 34.926 2.288 3.472  12.268 
it: 0.940 78.145 6.00e-06 25.883 46.478 3.178 3.881  12.722 35.262 2.260 3.468  12.250 
it: 0.945 78.561 5.50e-06 26.586 46.210 3.130 3.908  12.737 34.669 2.236 3.531  12.248 
it: 0.950 78.977 5.00e-06 25.937 47.373 3.106 3.933  12.823 36.814 2.280 3.570  12.240 
it: 0.955 79.392 4.50e-06 25.181 46.463 3.086 3.909  12.519 35.487 2.251 3.468  12.242 
it: 0.960 79.809 4.00e-06 25.633 46.385 3.112 3.897  12.555 34.705 2.254 3.515  12.219 
it: 0.965 80.224 3.50e-06 24.878 47.023 3.092 3.926  12.508 35.503 2.219 3.554  12.220 
it: 0.970 80.640 3.00e-06 26.052 47.414 3.097 3.892  12.432 35.405 2.244 3.587  12.213 
it: 0.975 81.056 2.50e-06 24.988 45.736 3.057 3.864  12.417 35.520 2.269 3.519  12.201 
it: 0.980 81.472 2.00e-06 25.565 44.995 3.108 3.877  12.724 34.857 2.282 3.523  12.196 
it: 0.985 81.887 1.50e-06 25.951 46.337 3.117 3.875  12.529 34.863 2.228 3.514  12.187 
weihao@sensors-debian2:~/Projects/my_nets/fc$ python rnn_2.py te
Config *****   INC_win: 1
Config *****   SIG: 0
Config *****   add_len: 0
Config *****   att: 4
Config *****   batch_size: 100
Config *****   feature_len: 20
Config *****   loop: 5
Config *****   lr: 0.0001
Config *****   memory_size: 100000
Config *****   multi: 100
Config *****   netFile: r2
Config *****   nodes_0_base: 256, 32
Config *****   nodes_1_out: 16
Config *****   nodes_2_feature: 16
Config *****   num_output: 3
Config *****   t_scale: 10
Config *****   te3: p_files/office_Test_cv_s3_2.p
Config *****   tr3: p_files/office_Train_cv_s3_2.p
loading /home/weihao/Projects/p_files/office_Test_cv_s3_2.p 0:00:15.609260 23952 23952 234 3.1329927086501987
Reading average file /home/weihao/Projects/my_nets/fc/../../NNs/r2_fc_avg.p
input attribute 4 LR 0.0001 feature 20 add 0
feature_0 4 16
base_0 48 256
base_1 256 32
out_0 32 16
out 16 3
2019-04-30 08:26:41.524960: I tensorflow/core/common_runtime/gpu/gpu_device.cc:1432] Found device 0 with properties: 
name: TITAN Xp major: 6 minor: 1 memoryClockRate(GHz): 1.582
pciBusID: 0000:03:00.0
totalMemory: 11.90GiB freeMemory: 11.64GiB
2019-04-30 08:26:41.524991: I tensorflow/core/common_runtime/gpu/gpu_device.cc:1511] Adding visible gpu devices: 0
2019-04-30 08:26:41.715998: I tensorflow/core/common_runtime/gpu/gpu_device.cc:982] Device interconnect StreamExecutor with strength 1 edge matrix:
2019-04-30 08:26:41.716037: I tensorflow/core/common_runtime/gpu/gpu_device.cc:988]      0 
2019-04-30 08:26:41.716044: I tensorflow/core/common_runtime/gpu/gpu_device.cc:1001] 0:   N 
2019-04-30 08:26:41.716337: I tensorflow/core/common_runtime/gpu/gpu_device.cc:1115] Created TensorFlow device (/job:localhost/replica:0/task:0/device:GPU:0 with 11263 MB memory) -> physical GPU (device: 0, name: TITAN Xp, pci bus id: 0000:03:00.0, compute capability: 6.1)
0 218.587349254344 11.158198010125872
1 108.33414548539362 6.506679398853477
2 81.45572859589386 5.451132403169163
3 67.31024704914465 4.890560741170181
4 58.16957973800313 4.489632109109275
5 51.55569082745917 4.192730161970623
6 46.678769073269436 3.964319116364798
7 42.923960921248664 3.801403020538575
8 39.898387397671875 3.6482812768613266
9 37.439331844924226 3.5157729030189007
10 35.47031837452599 3.4435180977152444
11 33.83421692247636 3.354884627050108
12 32.41395804481878 3.290383199343389
13 31.355700822192258 3.238920881688219
14 30.4423355650478 3.2007714786733534
15 29.714296688046826 3.160708686073593
16 29.191090659154913 3.1375089853783793
17 28.78656526391054 3.1234693145697414
18 28.4221431288716 3.112410573575177
19 28.244244024867825 3.1020476033774758
weihao@sensors-debian2:~/Projects/my_nets/fc$ python rnn_2.py tr
Config *****   INC_win: 1
Config *****   SIG: 0
Config *****   add_len: 0
Config *****   att: 4
Config *****   batch_size: 100
Config *****   feature_len: 20
Config *****   loop: 5
Config *****   lr: 0.0001
Config *****   memory_size: 100000
Config *****   multi: 100
Config *****   netFile: r2
Config *****   nodes_0_base: 256, 32
Config *****   nodes_1_out: 16
Config *****   nodes_2_feature: 16
Config *****   num_output: 3
Config *****   t_scale: 10
Config *****   te3: p_files/office_Test_cv_s3_2.p
Config *****   tr3: p_files/office_Train_cv_s3_2.p
loading /home/weihao/Projects/p_files/office_Train_cv_s3_2.p 0:00:24.133806 35922 35922 239 2.7427573220863017
Reading average file /home/weihao/Projects/my_nets/fc/../../NNs/r2_fc_avg.p
input attribute 4 LR 0.0001 feature 20 add 0
feature_0 4 16
base_0 48 256
base_1 256 32
out_0 32 16
out 16 3
2019-04-30 08:33:50.655859: I tensorflow/core/common_runtime/gpu/gpu_device.cc:1432] Found device 0 with properties: 
name: TITAN Xp major: 6 minor: 1 memoryClockRate(GHz): 1.582
pciBusID: 0000:03:00.0
totalMemory: 11.90GiB freeMemory: 11.64GiB
2019-04-30 08:33:50.655892: I tensorflow/core/common_runtime/gpu/gpu_device.cc:1511] Adding visible gpu devices: 0
2019-04-30 08:33:50.847998: I tensorflow/core/common_runtime/gpu/gpu_device.cc:982] Device interconnect StreamExecutor with strength 1 edge matrix:
2019-04-30 08:33:50.848037: I tensorflow/core/common_runtime/gpu/gpu_device.cc:988]      0 
2019-04-30 08:33:50.848045: I tensorflow/core/common_runtime/gpu/gpu_device.cc:1001] 0:   N 
2019-04-30 08:33:50.848339: I tensorflow/core/common_runtime/gpu/gpu_device.cc:1115] Created TensorFlow device (/job:localhost/replica:0/task:0/device:GPU:0 with 11263 MB memory) -> physical GPU (device: 0, name: TITAN Xp, pci bus id: 0000:03:00.0, compute capability: 6.1)
0 184.3620420623176 10.524739808693056
1 81.7206945918589 5.8045388176352875
2 59.04812196465206 4.776035218365047
3 47.45940819680218 4.23416958327484
4 39.83390294389202 3.8254191586646487
5 34.24125017908798 3.532182927357193
6 29.774706982886624 3.2784358889573144
7 26.057035076148544 3.0544623072939148
8 22.867515125375935 2.853957308806784
9 20.078501498986515 2.680651767091941
10 17.706411369985094 2.5282093151625817
11 15.710527153962174 2.379902597734957
12 14.040091930181374 2.249743310466391
13 12.691010870267508 2.1426788037860343
14 11.5973289230525 2.048999625145172
15 10.724634295045524 1.9630886507369931
16 10.027843914672406 1.890994274195571
17 9.484201963790962 1.8295816817968178
18 9.078197879849675 1.7808203184014175
19 8.76655214357826 1.7456631872717978


