python rnn_2.py
Config *****   INC_win: 1
Config *****   SIG: 0
Config *****   add_len: 0
Config *****   att: 4
Config *****   batch_size: 100
Config *****   d_lr: 1e-08
Config *****   feature_len: 20
Config *****   loop: 10
Config *****   lr: 0.0001
Config *****   memory_size: 100000
Config *****   multi: 1
Config *****   netFile: office_4
Config *****   nodes_0_base: 256, 32
Config *****   nodes_1_out: 16
Config *****   nodes_2_feature: 16
Config *****   num_output: 3
Config *****   t_scale: 10
Config *****   te3: p_files/office_Test_cv_s3_2.p
Config *****   tr3: p_files/office_Train_cv_s3_2.p
loading /home/weihao/Projects/p_files/office_Train_cv_s3_2.p 0:00:21.456271 35922 35922 239 2.7427573220863017
Saving averages: /home/weihao/Projects/my_nets/fc/../../NNs/office_4_fc_avg.p
0 -0.026311773332219072 0.5252802153126495
1 -0.07074986420046307 0.47161679530041634
2 -0.02651643134014101 0.5246955130375742
3 -0.07081071713864276 0.4713727494583532
loading /home/weihao/Projects/p_files/office_Test_cv_s3_2.p 0:00:15.653849 23952 3566 234 3.1329927086501987
loading /home/weihao/Projects/p_files/office_Train_cv_s3_2.p 0:00:23.268197 35922 3643 239 2.7427573220863017
Reading average file /home/weihao/Projects/my_nets/fc/../../NNs/office_4_fc_avg.p
Reading average file /home/weihao/Projects/my_nets/fc/../../NNs/office_4_fc_avg.p
Reading average file /home/weihao/Projects/my_nets/fc/../../NNs/office_4_fc_avg.p
input attribute 4 LR 0.0001 feature 20 add 0
feature_0 4 16
base_0 48 256
base_1 256 32
out_0 32 16
out 16 3
output 20
2019-05-04 22:04:43.172159: I tensorflow/core/platform/cpu_feature_guard.cc:137] Your CPU supports instructions that this TensorFlow binary was not compiled to use: SSE4.1 SSE4.2 AVX
it: 0.000 0.000 1.00e-04 271.995 300.376 10.568 11.164  271.993 300.384 10.603 11.189
it: 0.010 0.037 9.99e-05 157.154 183.656 8.282 9.155  153.649 182.996 8.410 9.233  200.845
it: 0.020 0.073 9.98e-05 111.564 141.247 7.466 8.342  118.997 146.945 8.180 8.798  117.555
it: 0.030 0.109 9.97e-05 98.542 124.825 6.853 7.746  96.202 122.942 6.896 7.620  101.863
it: 0.040 0.146 9.96e-05 94.496 121.848 6.619 7.507  93.648 119.011 6.667 7.434  97.598
it: 0.050 0.182 9.95e-05 95.786 120.552 6.707 7.476  94.177 120.501 6.817 7.560  94.720
it: 0.060 0.218 9.94e-05 91.072 116.490 6.551 7.352  88.905 114.147 6.493 7.324  92.906
it: 0.070 0.255 9.93e-05 96.240 123.538 6.984 7.632  95.671 123.699 6.951 7.682  91.649
it: 0.080 0.291 9.92e-05 88.865 115.992 6.497 7.352  87.218 113.421 6.406 7.268  90.406
it: 0.090 0.327 9.91e-05 89.148 115.926 6.415 7.302  87.814 115.718 6.360 7.330  89.091
it: 0.100 0.364 9.90e-05 77.969 101.256 6.083 6.743  75.059 98.691 6.120 6.724  82.640
it: 0.110 0.400 9.89e-05 70.262 90.479 5.829 6.469  67.606 88.008 5.756 6.310  71.779
it: 0.120 0.436 9.88e-05 65.350 87.059 5.548 6.193  64.762 85.510 5.554 6.171  66.280
it: 0.130 0.473 9.87e-05 63.253 84.141 5.484 6.016  62.184 82.661 5.489 5.969  63.109
it: 0.140 0.509 9.86e-05 59.795 80.852 5.188 5.839  57.307 79.107 5.041 5.742  60.700
it: 0.150 0.545 9.85e-05 58.999 80.084 5.110 5.847  56.275 77.918 5.026 5.767  59.606
it: 0.160 0.581 9.84e-05 59.541 81.165 5.190 5.868  59.049 80.862 5.289 5.977  58.343
it: 0.170 0.618 9.83e-05 57.061 77.780 5.107 5.684  56.000 76.560 5.157 5.746  57.300
it: 0.180 0.654 9.82e-05 56.603 77.892 5.025 5.636  53.987 76.366 4.993 5.755  56.472
it: 0.190 0.690 9.81e-05 55.313 78.215 4.956 5.683  54.101 75.425 4.963 5.634  55.639
it: 0.200 0.727 9.80e-05 54.094 73.737 4.885 5.457  52.083 71.553 4.783 5.501  54.632
it: 0.210 0.763 9.79e-05 54.917 72.444 5.068 5.686  55.367 73.231 5.366 5.857  51.805
it: 0.220 0.800 9.78e-05 45.751 63.391 4.550 5.091  42.752 59.746 4.369 4.920  46.752
it: 0.230 0.836 9.77e-05 47.525 66.935 4.881 5.399  49.121 67.023 5.095 5.718  43.832
it: 0.240 0.872 9.76e-05 43.448 58.584 4.353 4.931  40.114 54.906 4.254 4.780  41.734
it: 0.250 0.909 9.75e-05 45.399 59.948 4.615 5.172  44.001 57.118 4.721 5.132  39.967
it: 0.260 0.945 9.74e-05 39.757 54.374 4.222 4.808  36.585 49.730 4.082 4.655  38.771
it: 0.270 0.982 9.73e-05 41.442 54.196 4.393 4.843  36.519 50.964 4.078 4.636  37.599
it: 0.280 1.018 9.72e-05 37.880 51.300 4.159 4.699  35.594 46.601 3.934 4.437  36.702
it: 0.290 1.054 9.71e-05 38.335 51.519 4.178 4.574  35.760 46.968 3.978 4.567  35.865
it: 0.300 1.091 9.70e-05 36.569 49.354 3.993 4.569  34.117 45.496 3.955 4.503  35.302
it: 0.310 1.128 9.69e-05 37.066 49.033 4.015 4.566  32.655 45.133 3.841 4.418  34.712
it: 0.320 1.164 9.68e-05 36.047 49.038 3.979 4.551  33.350 44.766 3.817 4.352  34.196
it: 0.330 1.200 9.67e-05 35.465 49.566 3.941 4.534  32.895 43.619 3.811 4.332  33.830
it: 0.340 1.236 9.66e-05 37.706 49.821 4.163 4.731  36.332 47.387 4.158 4.718  33.358
it: 0.350 1.273 9.65e-05 34.421 47.867 3.911 4.450  31.794 43.984 3.805 4.348  33.033
it: 0.360 1.309 9.64e-05 34.625 46.164 3.889 4.369  30.609 41.903 3.714 4.237  32.810
it: 0.370 1.345 9.63e-05 35.631 46.997 4.020 4.475  33.987 43.997 4.045 4.482  32.505
it: 0.380 1.381 9.62e-05 35.508 46.812 3.891 4.451  33.803 44.677 3.987 4.458  32.159
it: 0.390 1.418 9.61e-05 34.302 46.688 3.861 4.392  30.757 42.185 3.704 4.280  31.924
it: 0.400 1.454 9.60e-05 33.913 45.811 3.894 4.441  31.152 41.894 3.742 4.289  31.789
it: 0.410 1.490 9.59e-05 33.143 43.964 3.802 4.410  30.398 40.437 3.710 4.251  31.516
it: 0.420 1.527 9.58e-05 35.816 46.834 4.079 4.598  34.517 44.173 4.027 4.567  31.356
it: 0.430 1.563 9.57e-05 34.304 44.219 3.911 4.466  31.099 40.342 3.790 4.262  31.192
it: 0.440 1.599 9.56e-05 36.582 47.615 4.231 4.714  33.615 43.950 4.103 4.613  30.935
it: 0.450 1.636 9.55e-05 33.205 44.567 3.741 4.304  30.348 39.914 3.582 4.225  30.736
it: 0.460 1.672 9.54e-05 36.391 49.319 4.103 4.661  34.253 45.974 4.074 4.679  30.641
it: 0.470 1.708 9.53e-05 33.340 45.057 3.791 4.315  30.154 43.113 3.664 4.255  30.455
it: 0.480 1.744 9.52e-05 32.992 44.454 3.790 4.352  30.409 41.615 3.788 4.277  30.242
it: 0.490 1.780 9.51e-05 32.597 43.988 3.783 4.310  30.243 40.348 3.680 4.166  30.030
it: 0.500 1.816 9.50e-05 33.603 42.524 3.920 4.319  31.991 41.168 3.865 4.337  29.972
it: 0.510 1.853 9.49e-05 34.857 47.811 4.151 4.556  34.026 46.181 4.188 4.686  29.730
it: 0.520 1.889 9.48e-05 31.998 41.759 3.689 4.270  29.104 38.861 3.613 4.109  29.646
it: 0.530 1.926 9.47e-05 31.583 43.594 3.780 4.187  28.217 40.790 3.562 4.210  29.520
it: 0.540 1.962 9.46e-05 31.449 42.295 3.612 4.206  28.031 39.632 3.510 4.138  29.504
it: 0.550 1.998 9.45e-05 31.621 42.746 3.782 4.293  29.195 39.565 3.581 4.196  29.259
it: 0.560 2.034 9.44e-05 32.225 43.299 3.774 4.266  29.098 41.281 3.611 4.154  29.101
it: 0.570 2.070 9.43e-05 31.399 41.581 3.644 4.210  28.129 37.786 3.474 4.101  29.021
it: 0.580 2.106 9.42e-05 35.141 45.789 4.132 4.511  32.935 44.481 4.129 4.689  28.910
it: 0.590 2.143 9.41e-05 31.314 42.006 3.617 4.213  28.224 39.083 3.501 4.112  28.865
it: 0.600 2.179 9.40e-05 30.774 42.432 3.692 4.227  27.888 38.856 3.538 4.163  28.667
it: 0.610 2.215 9.39e-05 31.299 42.597 3.705 4.291  28.808 39.251 3.598 4.199  28.659
it: 0.620 2.251 9.38e-05 31.145 40.481 3.711 4.148  27.350 37.739 3.533 4.137  28.398
it: 0.630 2.288 9.37e-05 29.987 42.314 3.545 4.223  26.938 39.811 3.385 4.119  28.425
it: 0.640 2.324 9.36e-05 32.000 43.129 3.845 4.389  30.069 40.753 3.769 4.319  28.283
it: 0.650 2.360 9.35e-05 30.566 40.439 3.692 4.127  27.456 37.171 3.498 4.064  28.233
it: 0.660 2.397 9.34e-05 30.770 40.808 3.672 4.215  27.352 37.767 3.478 4.127  28.083
it: 0.670 2.433 9.33e-05 31.068 41.647 3.647 4.132  27.311 38.969 3.463 4.142  28.079
it: 0.680 2.469 9.32e-05 30.416 41.887 3.591 4.170  27.259 38.411 3.457 4.112  27.965
it: 0.690 2.506 9.31e-05 30.580 40.323 3.586 4.137  26.818 37.368 3.419 4.046  27.900
it: 0.700 2.543 9.30e-05 30.841 42.105 3.673 4.250  27.670 39.061 3.503 4.136  27.771
it: 0.710 2.579 9.29e-05 30.380 40.581 3.630 4.194  27.999 37.384 3.510 4.085  27.667
it: 0.720 2.616 9.28e-05 30.408 40.084 3.623 4.166  27.756 40.127 3.504 4.104  27.608
it: 0.730 2.652 9.27e-05 30.459 41.098 3.656 4.137  27.856 38.514 3.526 4.108  27.476
it: 0.740 2.688 9.26e-05 30.461 39.779 3.602 4.124  27.456 36.550 3.463 4.014  27.427
it: 0.750 2.724 9.25e-05 30.055 40.895 3.544 4.221  26.865 36.714 3.458 4.070  27.392
it: 0.760 2.761 9.24e-05 29.281 39.542 3.570 4.104  25.701 36.764 3.370 3.979  27.286
it: 0.770 2.797 9.23e-05 31.168 41.248 3.711 4.337  29.180 39.555 3.679 4.289  27.282
it: 0.780 2.833 9.22e-05 30.113 40.787 3.660 4.240  28.312 39.286 3.613 4.118  27.065
it: 0.790 2.870 9.21e-05 29.516 40.526 3.495 4.122  26.640 37.166 3.376 4.028  27.094
it: 0.800 2.906 9.20e-05 29.750 41.365 3.539 4.181  26.606 39.308 3.425 4.090  27.038
it: 0.810 2.942 9.19e-05 29.359 40.221 3.548 4.086  26.206 36.737 3.337 3.972  26.923
it: 0.820 2.979 9.18e-05 29.599 39.840 3.569 4.131  26.335 37.313 3.444 4.075  26.845
it: 0.830 3.015 9.17e-05 29.750 41.295 3.605 4.163  28.289 40.192 3.496 4.057  26.708
it: 0.840 3.051 9.16e-05 29.048 41.828 3.495 4.094  26.550 38.229 3.348 4.054  26.696
it: 0.850 3.088 9.15e-05 30.390 40.187 3.589 4.150  27.568 37.731 3.489 4.081  26.703
it: 0.860 3.124 9.14e-05 28.835 40.078 3.582 4.101  25.625 36.900 3.263 3.957  26.549
it: 0.870 3.161 9.13e-05 29.922 40.647 3.654 4.217  26.294 38.655 3.389 4.122  26.536
it: 0.880 3.197 9.12e-05 28.851 39.084 3.521 4.080  26.121 36.301 3.385 3.975  26.498
it: 0.890 3.233 9.11e-05 28.860 38.544 3.577 4.118  25.720 36.221 3.364 4.031  26.345
it: 0.900 3.270 9.10e-05 28.923 39.556 3.595 4.083  25.525 35.462 3.348 4.004  26.355
it: 0.910 3.306 9.09e-05 29.693 39.283 3.591 4.214  27.293 37.790 3.457 4.058  26.383
it: 0.920 3.342 9.08e-05 29.072 38.409 3.464 4.062  26.044 36.350 3.335 3.958  26.224
it: 0.930 3.379 9.07e-05 29.458 39.738 3.592 4.031  27.371 38.217 3.525 4.076  26.173
it: 0.940 3.415 9.06e-05 28.489 38.648 3.527 4.039  25.287 35.172 3.277 3.918  26.085
it: 0.950 3.451 9.05e-05 28.144 38.642 3.476 4.134  25.303 35.769 3.280 3.966  26.084
it: 0.960 3.486 9.04e-05 28.382 38.894 3.442 4.040  25.194 35.726 3.285 3.964  26.023
it: 0.970 3.523 9.03e-05 29.387 39.893 3.608 4.145  26.614 36.933 3.423 4.011  25.935
it: 0.980 3.559 9.02e-05 29.154 39.709 3.611 4.132  26.540 37.356 3.462 4.085  25.928
it: 0.990 3.595 9.01e-05 29.202 41.179 3.634 4.177  27.773 39.370 3.630 4.234  25.948
it: 1.000 3.632 9.00e-05 28.635 38.032 3.516 4.078  25.356 35.437 3.314 3.934  25.897
it: 1.010 3.668 8.99e-05 28.667 39.768 3.488 4.075  25.827 37.503 3.349 4.004  25.746
it: 1.020 3.704 8.98e-05 27.784 38.250 3.405 4.040  24.701 34.951 3.260 3.847  25.780
it: 1.030 3.741 8.97e-05 28.271 39.039 3.477 4.058  25.306 36.168 3.316 4.012  25.648
it: 1.040 3.777 8.96e-05 28.021 38.282 3.511 4.137  25.879 35.955 3.362 4.062  25.647
it: 1.050 3.813 8.95e-05 28.610 39.224 3.527 4.134  25.887 36.489 3.398 4.003  25.558
it: 1.060 3.849 8.94e-05 28.344 38.513 3.429 4.002  25.495 34.908 3.360 3.918  25.510
it: 1.070 3.886 8.93e-05 28.395 40.655 3.418 4.097  25.712 38.530 3.297 4.033  25.470
it: 1.080 3.922 8.92e-05 28.339 39.825 3.459 4.060  25.467 36.779 3.279 3.956  25.415
it: 1.090 3.958 8.91e-05 28.761 37.730 3.675 4.208  27.069 35.797 3.461 4.067  25.424
it: 1.100 3.994 8.90e-05 29.521 38.578 3.610 4.130  27.555 36.823 3.568 4.186  25.311
it: 1.110 4.030 8.89e-05 27.855 39.780 3.422 4.057  25.074 37.346 3.319 4.019  25.333
it: 1.120 4.067 8.88e-05 28.403 39.649 3.532 4.193  25.517 36.797 3.392 4.113  25.203
it: 1.130 4.103 8.87e-05 27.892 38.808 3.487 4.095  25.547 36.335 3.446 4.007  25.171
it: 1.140 4.139 8.86e-05 27.831 38.192 3.473 3.971  24.399 35.135 3.216 3.952  25.166
it: 1.150 4.176 8.85e-05 29.294 40.107 3.629 4.230  26.341 37.502 3.550 4.173  25.094
it: 1.160 4.212 8.84e-05 27.563 38.248 3.408 3.997  24.369 34.938 3.292 3.944  25.077
it: 1.170 4.249 8.83e-05 28.750 39.620 3.588 4.161  25.865 37.483 3.397 4.062  24.975
it: 1.180 4.285 8.82e-05 27.031 38.787 3.363 4.028  23.654 36.039 3.219 3.870  24.922
it: 1.190 4.322 8.81e-05 28.727 38.818 3.494 4.076  26.539 36.612 3.398 4.104  24.888
it: 1.200 4.358 8.80e-05 27.797 38.374 3.465 3.965  24.315 35.584 3.262 3.919  24.897
it: 1.210 4.394 8.79e-05 28.467 37.741 3.422 3.951  24.924 34.569 3.217 3.921  24.846
it: 1.220 4.431 8.78e-05 28.195 39.003 3.564 4.108  25.311 37.715 3.389 4.032  24.827
it: 1.230 4.467 8.77e-05 27.693 37.413 3.490 3.996  24.635 35.435 3.198 3.824  24.783
it: 1.240 4.503 8.76e-05 27.433 37.932 3.373 4.015  24.162 35.657 3.204 3.864  24.689
it: 1.250 4.540 8.75e-05 26.910 37.841 3.370 3.996  23.943 34.588 3.170 3.833  24.646
it: 1.260 4.576 8.74e-05 28.450 38.784 3.479 4.033  25.143 35.546 3.293 4.005  24.613
it: 1.270 4.612 8.73e-05 26.728 36.538 3.460 3.973  23.764 34.144 3.177 3.879  24.570
it: 1.280 4.648 8.72e-05 27.237 38.388 3.492 4.049  24.184 36.883 3.228 4.000  24.522
it: 1.290 4.685 8.71e-05 27.223 39.072 3.392 4.033  24.471 36.067 3.256 3.901  24.570
it: 1.300 4.721 8.70e-05 27.016 37.107 3.381 3.973  23.788 34.897 3.151 3.919  24.473
it: 1.310 4.757 8.69e-05 27.723 38.329 3.438 4.016  24.703 34.271 3.212 3.862  24.436
it: 1.320 4.794 8.68e-05 28.243 37.913 3.554 4.176  25.875 36.100 3.455 4.134  24.400
it: 1.330 4.830 8.67e-05 27.138 37.721 3.330 3.989  23.979 34.718 3.173 3.865  24.433
it: 1.340 4.866 8.66e-05 27.079 39.233 3.452 3.973  24.432 35.976 3.205 3.959  24.397
it: 1.350 4.903 8.65e-05 27.391 37.313 3.394 3.972  23.589 35.011 3.203 3.868  24.340
it: 1.360 4.939 8.64e-05 27.461 38.923 3.441 3.934  24.211 36.204 3.244 3.848  24.268
it: 1.370 4.975 8.63e-05 27.810 37.201 3.502 3.998  24.829 35.322 3.341 4.016  24.192
it: 1.380 5.012 8.62e-05 29.427 39.596 3.673 4.154  27.707 38.135 3.603 4.174  24.278
it: 1.390 5.048 8.61e-05 26.249 38.434 3.391 4.035  23.576 36.257 3.226 3.952  24.160
it: 1.400 5.084 8.60e-05 28.427 39.294 3.533 4.197  25.286 36.547 3.391 4.079  24.089
it: 1.410 5.120 8.59e-05 26.392 37.102 3.356 3.928  23.080 34.150 3.136 3.823  24.134
it: 1.420 5.157 8.58e-05 28.243 38.578 3.551 4.072  26.527 37.395 3.459 4.145  24.004
it: 1.430 5.193 8.57e-05 26.886 37.716 3.353 3.974  23.646 35.614 3.139 3.791  23.997
it: 1.440 5.229 8.56e-05 26.677 36.863 3.399 3.955  23.376 33.788 3.146 3.831  23.955
it: 1.450 5.265 8.55e-05 27.599 37.051 3.449 3.984  25.007 35.048 3.296 3.904  23.982
it: 1.460 5.302 8.54e-05 26.780 37.221 3.410 3.969  23.522 34.992 3.114 3.825  23.909
it: 1.470 5.338 8.53e-05 27.591 38.264 3.483 4.007  23.724 36.005 3.213 3.950  23.797
it: 1.480 5.375 8.52e-05 27.072 37.976 3.416 3.990  23.807 35.047 3.222 3.908  23.866
it: 1.490 5.411 8.51e-05 27.693 36.837 3.438 3.983  23.762 34.157 3.221 3.898  23.808
it: 1.500 5.447 8.50e-05 27.283 38.247 3.356 3.956  23.972 36.447 3.219 3.913  23.750
it: 1.510 5.483 8.49e-05 27.463 37.647 3.409 4.062  24.555 34.858 3.323 3.975  23.803
it: 1.520 5.520 8.48e-05 27.243 37.389 3.401 3.975  24.432 34.842 3.270 3.852  23.711
it: 1.530 5.556 8.47e-05 26.942 38.281 3.372 3.921  23.490 35.120 3.151 3.875  23.786
it: 1.540 5.592 8.46e-05 26.473 36.957 3.334 3.961  23.581 34.278 3.141 3.783  23.628
it: 1.550 5.629 8.45e-05 26.772 37.538 3.388 3.987  22.887 34.826 3.101 3.823  23.684
it: 1.560 5.665 8.44e-05 26.595 38.547 3.377 3.984  23.246 35.001 3.083 3.901  23.649
it: 1.570 5.701 8.43e-05 27.120 38.299 3.427 3.983  24.269 34.579 3.210 3.963  23.629
it: 1.580 5.738 8.42e-05 27.312 38.731 3.441 4.054  24.284 36.863 3.294 3.922  23.516
it: 1.590 5.774 8.41e-05 28.208 38.101 3.633 4.103  26.039 36.413 3.495 4.114  23.545
it: 1.600 5.810 8.40e-05 26.582 37.296 3.322 3.886  23.173 33.866 3.067 3.796  23.531
it: 1.610 5.847 8.39e-05 26.809 37.525 3.356 3.995  23.616 35.638 3.151 3.881  23.500
it: 1.620 5.883 8.38e-05 26.115 38.215 3.341 4.000  23.410 35.005 3.199 3.896  23.449
it: 1.630 5.919 8.37e-05 25.808 36.549 3.286 3.887  23.072 33.717 3.081 3.780  23.423
it: 1.640 5.956 8.36e-05 26.667 36.158 3.367 3.895  22.915 33.170 3.104 3.743  23.376
it: 1.650 5.992 8.35e-05 26.872 37.390 3.389 4.029  23.294 33.775 3.101 3.854  23.389
it: 1.660 6.028 8.34e-05 26.338 37.733 3.356 3.919  22.484 34.868 3.045 3.824  23.346
it: 1.670 6.065 8.33e-05 26.402 38.254 3.362 4.048  22.847 35.937 3.142 3.983  23.324
it: 1.680 6.101 8.32e-05 26.856 37.243 3.338 3.994  22.941 34.766 3.146 3.798  23.308
it: 1.690 6.137 8.31e-05 27.328 39.869 3.528 4.147  23.958 36.586 3.273 4.111  23.358
it: 1.700 6.174 8.30e-05 26.701 37.375 3.388 3.959  23.223 35.003 3.174 3.861  23.205
it: 1.710 6.210 8.29e-05 26.471 37.006 3.392 3.992  23.933 35.191 3.279 3.856  23.229
it: 1.720 6.246 8.28e-05 27.146 38.267 3.491 4.020  25.591 37.053 3.511 4.128  23.248
it: 1.730 6.282 8.27e-05 26.485 38.738 3.273 3.916  22.845 34.739 3.097 3.811  23.194
it: 1.740 6.319 8.26e-05 26.971 37.602 3.431 4.010  24.058 35.587 3.204 3.890  23.088
it: 1.750 6.355 8.25e-05 26.007 36.433 3.331 3.931  22.537 34.399 3.081 3.810  23.149
it: 1.760 6.391 8.24e-05 26.261 37.290 3.333 4.037  23.278 34.777 3.153 3.886  23.005
it: 1.770 6.428 8.23e-05 25.989 37.181 3.405 3.960  23.181 34.740 3.127 3.982  23.028
it: 1.780 6.464 8.22e-05 26.382 37.534 3.362 4.007  23.599 35.263 3.165 3.860  23.069
it: 1.790 6.500 8.21e-05 25.534 36.024 3.269 3.947  22.000 33.759 3.025 3.867  22.995
it: 1.800 6.537 8.20e-05 26.577 38.787 3.338 4.016  23.669 35.534 3.117 3.939  22.974
it: 1.810 6.573 8.19e-05 26.207 36.826 3.294 3.935  23.173 34.491 3.111 3.882  23.003
it: 1.820 6.609 8.18e-05 26.274 36.272 3.300 3.911  22.439 32.891 3.060 3.770  22.937
it: 1.830 6.646 8.17e-05 26.405 37.749 3.356 4.020  23.573 34.693 3.189 3.905  22.932
it: 1.840 6.682 8.16e-05 26.224 36.291 3.333 3.970  22.318 33.061 3.103 3.789  22.929
it: 1.850 6.718 8.15e-05 25.837 37.683 3.360 3.959  22.446 33.955 3.068 3.830  22.860
it: 1.860 6.755 8.14e-05 26.010 35.927 3.332 3.963  22.193 33.304 3.111 3.769  22.870
it: 1.870 6.791 8.13e-05 26.382 37.104 3.376 4.033  22.640 33.120 3.129 3.834  22.884
it: 1.880 6.827 8.12e-05 25.580 36.975 3.291 3.963  22.431 34.976 3.074 3.913  22.776
it: 1.890 6.864 8.11e-05 25.727 37.086 3.276 3.941  22.428 33.810 3.064 3.780  22.800
it: 1.900 6.900 8.10e-05 26.216 37.836 3.322 3.982  22.473 33.894 3.056 3.767  22.721
it: 1.910 6.936 8.09e-05 26.076 37.408 3.360 4.015  22.271 34.057 3.093 3.857  22.735
it: 1.920 6.973 8.08e-05 25.870 36.261 3.318 3.962  22.829 32.546 3.175 3.831  22.706
it: 1.930 7.009 8.07e-05 27.101 36.885 3.384 4.043  24.578 35.008 3.193 3.888  22.652
it: 1.940 7.045 8.06e-05 27.037 37.951 3.458 4.006  24.004 35.394 3.247 3.909  22.610
it: 1.950 7.081 8.05e-05 25.804 37.012 3.311 3.942  21.948 34.049 3.092 3.822  22.604
it: 1.960 7.118 8.04e-05 25.975 36.802 3.369 3.986  22.834 35.473 3.131 3.934  22.552
it: 1.970 7.154 8.03e-05 26.304 37.554 3.331 3.949  23.036 35.110 3.196 3.963  22.563
it: 1.980 7.190 8.02e-05 25.733 36.686 3.337 4.027  22.948 33.323 3.143 3.886  22.509
it: 1.990 7.227 8.01e-05 25.686 38.495 3.353 3.897  22.653 35.386 3.181 3.889  22.539
it: 2.000 7.263 8.00e-05 25.700 36.895 3.318 3.995  22.461 33.944 3.118 3.825  22.534
it: 2.010 7.299 7.99e-05 26.344 39.121 3.332 4.136  23.401 36.692 3.199 3.957  22.559
it: 2.020 7.336 7.98e-05 26.352 37.785 3.384 4.045  24.395 35.560 3.340 4.122  22.457
it: 2.030 7.372 7.97e-05 26.867 37.470 3.397 4.033  24.375 36.220 3.238 3.977  22.452
it: 2.040 7.408 7.96e-05 25.633 36.711 3.353 3.969  21.939 34.001 3.069 3.829  22.501
it: 2.050 7.445 7.95e-05 26.068 36.651 3.326 3.986  22.407 33.598 3.112 3.918  22.427
it: 2.060 7.481 7.94e-05 25.255 36.926 3.238 3.976  21.833 33.990 3.056 3.831  22.414
it: 2.070 7.517 7.93e-05 26.521 36.180 3.274 3.937  22.318 32.987 3.068 3.728  22.369
it: 2.080 7.553 7.92e-05 25.791 38.179 3.347 3.941  22.900 36.738 3.179 3.982  22.345
it: 2.090 7.590 7.91e-05 25.934 35.956 3.304 3.920  22.481 33.752 3.070 3.811  22.437
it: 2.100 7.626 7.90e-05 25.561 36.602 3.248 3.968  22.148 34.102 3.068 3.828  22.322
it: 2.110 7.662 7.89e-05 26.113 37.861 3.357 3.978  22.172 35.589 3.032 3.821  22.322
it: 2.120 7.699 7.88e-05 25.943 37.325 3.302 3.963  22.483 33.453 3.075 3.859  22.256
it: 2.130 7.735 7.87e-05 26.719 37.534 3.389 4.101  23.506 35.942 3.265 4.029  22.308
it: 2.140 7.771 7.86e-05 25.726 36.604 3.281 3.896  21.702 34.797 2.971 3.868  22.268
it: 2.150 7.808 7.85e-05 25.525 36.988 3.326 3.994  22.727 34.475 3.130 3.851  22.244
it: 2.160 7.844 7.84e-05 26.393 36.182 3.261 4.000  22.890 32.626 3.173 3.770  22.216
it: 2.170 7.880 7.83e-05 25.728 36.972 3.276 3.938  22.162 33.281 3.046 3.747  22.161
it: 2.180 7.917 7.82e-05 26.442 37.197 3.363 3.946  23.038 34.802 3.214 3.950  22.102
it: 2.190 7.953 7.81e-05 25.522 37.468 3.349 3.979  22.096 33.885 3.074 3.824  22.078
it: 2.200 7.989 7.80e-05 25.955 36.064 3.278 3.934  21.926 33.113 3.061 3.861  22.141
it: 2.210 8.026 7.79e-05 25.437 36.634 3.266 3.966  21.729 33.834 3.024 3.838  22.054
it: 2.220 8.062 7.78e-05 25.153 35.315 3.253 3.909  21.296 33.462 3.026 3.800  22.069
it: 2.230 8.098 7.77e-05 26.517 36.972 3.328 4.089  22.940 34.943 3.150 3.993  22.039
it: 2.240 8.134 7.76e-05 25.775 36.544 3.257 3.960  21.533 33.741 2.999 3.824  22.000
it: 2.250 8.171 7.75e-05 26.031 37.083 3.344 3.939  22.833 34.382 3.082 3.837  22.018
it: 2.260 8.207 7.74e-05 26.197 36.438 3.348 3.922  22.662 34.567 3.087 3.881  22.025
it: 2.270 8.243 7.73e-05 25.987 37.219 3.302 3.943  21.734 34.543 3.043 3.833  22.005
it: 2.280 8.279 7.72e-05 25.538 36.244 3.263 3.893  21.495 32.755 3.029 3.857  21.952
it: 2.290 8.316 7.71e-05 26.353 37.008 3.344 3.955  22.500 32.720 3.082 3.842  21.955
it: 2.300 8.352 7.70e-05 26.022 37.181 3.286 3.910  22.286 33.841 3.020 3.753  21.984
it: 2.310 8.389 7.69e-05 25.650 36.051 3.271 3.949  21.552 33.305 3.075 3.796  21.828
it: 2.320 8.425 7.68e-05 24.507 35.725 3.230 3.944  21.130 33.740 2.962 3.851  21.952
it: 2.330 8.461 7.67e-05 28.887 39.235 3.544 4.146  27.315 38.179 3.530 4.173  21.850
it: 2.340 8.498 7.66e-05 25.102 37.681 3.263 3.951  21.805 34.948 3.077 3.889  21.872
it: 2.350 8.534 7.65e-05 26.431 37.011 3.401 4.008  22.891 34.741 3.137 3.980  21.863
it: 2.360 8.570 7.64e-05 26.003 35.514 3.366 3.883  21.730 33.056 3.101 3.753  21.818
it: 2.370 8.607 7.63e-05 26.213 36.927 3.309 3.984  22.943 35.087 3.122 3.926  21.827
it: 2.380 8.643 7.62e-05 25.878 36.690 3.345 3.943  22.222 34.023 3.122 3.841  21.718
it: 2.390 8.679 7.61e-05 24.927 36.284 3.266 3.923  21.491 34.325 2.999 3.832  21.745
it: 2.400 8.716 7.60e-05 26.180 37.963 3.270 3.928  22.173 36.525 3.004 3.888  21.676
it: 2.410 8.752 7.59e-05 25.869 36.729 3.301 3.873  21.780 33.659 3.031 3.842  21.760
it: 2.420 8.788 7.58e-05 27.432 38.218 3.423 4.093  23.932 35.514 3.212 4.014  21.670
it: 2.430 8.824 7.57e-05 24.968 37.580 3.226 3.959  20.744 34.605 2.926 3.887  21.702
it: 2.440 8.861 7.56e-05 26.252 36.442 3.358 3.919  21.660 33.867 3.014 3.875  21.759
it: 2.450 8.897 7.55e-05 25.529 36.612 3.319 3.941  22.120 33.222 3.051 3.835  21.719
it: 2.460 8.933 7.54e-05 26.930 37.550 3.372 4.047  24.572 36.401 3.320 4.031  21.656
it: 2.470 8.970 7.53e-05 25.139 35.747 3.276 3.930  21.868 32.660 3.073 3.817  21.711
it: 2.480 9.006 7.52e-05 25.896 37.109 3.344 4.018  22.543 34.311 3.185 3.879  21.709
it: 2.490 9.042 7.51e-05 25.592 37.317 3.233 3.813  21.975 35.134 3.001 3.837  21.642
it: 2.500 9.079 7.50e-05 25.256 36.561 3.268 3.864  21.815 33.375 3.029 3.781  21.616
it: 2.510 9.115 7.49e-05 24.963 36.139 3.250 3.959  21.145 33.307 3.026 3.814  21.528
it: 2.520 9.151 7.48e-05 25.332 36.193 3.283 3.928  21.338 32.896 2.980 3.719  21.486
it: 2.530 9.188 7.47e-05 24.805 37.066 3.229 3.858  21.090 32.787 2.949 3.736  21.535
it: 2.540 9.224 7.46e-05 25.620 35.465 3.275 3.902  21.793 32.683 3.017 3.742  21.479
it: 2.550 9.260 7.45e-05 25.584 37.520 3.234 3.931  22.386 34.558 3.037 3.832  21.551
it: 2.560 9.297 7.44e-05 25.015 36.173 3.236 3.974  21.534 33.423 2.998 3.812  21.476
it: 2.570 9.333 7.43e-05 25.037 35.470 3.175 3.882  21.017 33.033 2.923 3.739  21.453
it: 2.580 9.369 7.42e-05 26.468 38.682 3.444 4.055  23.827 37.123 3.287 4.063  21.476
it: 2.590 9.406 7.41e-05 25.297 37.093 3.275 3.962  21.919 34.134 3.093 3.859  21.407
it: 2.600 9.442 7.40e-05 26.247 37.217 3.247 3.885  22.026 33.193 3.011 3.792  21.431
it: 2.610 9.478 7.39e-05 24.703 36.084 3.202 3.974  21.068 34.085 3.059 3.836  21.451
it: 2.620 9.515 7.38e-05 25.400 36.122 3.220 3.903  20.861 32.338 2.955 3.756  21.401
it: 2.630 9.551 7.37e-05 26.219 37.307 3.359 4.069  23.299 36.872 3.249 4.093  21.405
it: 2.640 9.587 7.36e-05 25.260 36.619 3.245 3.956  21.293 34.423 3.028 3.827  21.389
it: 2.650 9.624 7.35e-05 25.624 37.788 3.307 3.978  21.832 34.895 3.083 3.815  21.328
it: 2.660 9.660 7.34e-05 25.597 37.358 3.282 3.996  22.087 34.919 3.080 3.889  21.320
it: 2.670 9.696 7.33e-05 25.411 36.142 3.286 3.988  21.632 34.034 3.071 3.832  21.339
it: 2.680 9.732 7.32e-05 25.378 36.837 3.299 3.938  22.041 35.608 3.134 3.841  21.304
it: 2.690 9.769 7.31e-05 24.738 35.432 3.173 3.888  20.679 32.092 2.874 3.766  21.354
it: 2.700 9.805 7.30e-05 24.551 36.196 3.242 3.861  21.320 32.511 2.988 3.794  21.324
it: 2.710 9.841 7.29e-05 24.997 36.098 3.210 3.879  21.355 32.723 3.009 3.775  21.389
it: 2.720 9.878 7.28e-05 24.690 35.052 3.224 3.857  20.968 32.210 2.964 3.703  21.201
it: 2.730 9.914 7.27e-05 24.355 35.092 3.247 3.824  20.453 32.188 2.936 3.728  21.308
it: 2.740 9.950 7.26e-05 25.176 38.081 3.271 3.956  21.451 34.549 2.984 3.729  21.231
it: 2.750 9.986 7.25e-05 25.837 36.227 3.244 3.946  22.759 33.715 3.058 3.873  21.208
it: 2.760 10.023 7.24e-05 24.812 35.333 3.212 3.904  21.193 31.242 3.020 3.767  21.234
it: 2.770 10.059 7.23e-05 26.077 36.766 3.307 4.014  22.429 33.827 3.113 3.886  21.200
it: 2.780 10.095 7.22e-05 25.531 37.689 3.332 3.966  22.211 36.137 3.039 3.955  21.154
it: 2.790 10.131 7.21e-05 26.108 37.432 3.379 4.062  23.549 35.855 3.195 3.933  21.105
it: 2.800 10.168 7.20e-05 24.615 36.444 3.290 3.940  21.003 34.660 3.014 3.781  21.157
it: 2.810 10.204 7.19e-05 25.252 37.029 3.238 3.986  22.336 35.628 3.114 3.936  21.176
it: 2.820 10.240 7.18e-05 24.412 37.209 3.177 3.892  20.695 33.334 2.923 3.782  21.134
it: 2.830 10.276 7.17e-05 25.553 35.798 3.304 3.955  21.791 32.631 3.088 3.828  21.121
it: 2.840 10.312 7.16e-05 25.149 35.299 3.241 3.915  21.117 32.084 2.927 3.761  21.193
it: 2.850 10.349 7.15e-05 24.747 36.006 3.178 3.912  20.844 33.256 2.958 3.714  21.067
it: 2.860 10.385 7.14e-05 25.105 36.097 3.285 3.968  21.702 34.330 2.991 3.852  21.061
it: 2.870 10.421 7.13e-05 24.933 37.117 3.254 3.917  20.634 33.613 3.009 3.805  21.005
it: 2.880 10.457 7.12e-05 26.661 37.725 3.418 3.948  24.086 35.487 3.195 4.030  21.034
it: 2.890 10.494 7.11e-05 25.410 37.386 3.301 3.981  21.905 35.319 3.080 3.917  21.114
it: 2.900 10.530 7.10e-05 24.589 36.120 3.153 3.939  20.486 32.837 2.912 3.779  21.092
it: 2.910 10.566 7.09e-05 25.318 35.510 3.290 3.935  21.397 32.670 3.018 3.792  21.002
it: 2.920 10.602 7.08e-05 25.026 35.639 3.254 3.911  20.891 32.769 2.945 3.791  20.967
it: 2.930 10.639 7.07e-05 24.412 36.198 3.198 3.947  20.974 32.526 2.939 3.738  21.000
it: 2.940 10.675 7.06e-05 24.878 36.295 3.206 3.917  21.200 32.673 2.987 3.818  20.904
it: 2.950 10.711 7.05e-05 25.124 36.394 3.227 3.959  21.822 33.494 3.056 3.798  20.966
it: 2.960 10.747 7.04e-05 24.971 37.151 3.313 3.874  21.935 36.152 3.053 3.847  21.024
it: 2.970 10.783 7.03e-05 24.719 36.342 3.261 3.925  21.078 33.299 2.961 3.821  20.928
it: 2.980 10.820 7.02e-05 24.248 35.581 3.183 3.784  20.335 33.287 2.852 3.733  20.986
it: 2.990 10.856 7.01e-05 24.750 36.489 3.237 3.879  20.491 32.972 2.990 3.820  20.918
it: 3.000 10.892 7.00e-05 24.352 34.880 3.230 3.900  20.748 31.835 2.933 3.747  20.893
it: 3.010 10.928 6.99e-05 24.308 35.826 3.210 3.872  20.368 32.816 2.939 3.743  20.844
it: 3.020 10.964 6.98e-05 25.090 36.607 3.349 3.948  21.442 35.241 3.107 3.882  20.842
it: 3.030 11.001 6.97e-05 24.217 35.837 3.135 3.897  20.034 32.622 2.888 3.738  20.853
it: 3.040 11.037 6.96e-05 25.022 35.671 3.204 3.923  20.837 33.616 2.941 3.743  20.873
it: 3.050 11.073 6.95e-05 24.279 34.606 3.153 3.878  20.934 33.077 2.973 3.766  20.836
it: 3.060 11.109 6.94e-05 24.783 36.997 3.272 3.963  22.052 34.708 3.145 3.915  20.884
it: 3.070 11.146 6.93e-05 23.854 34.831 3.174 3.801  20.218 32.408 2.931 3.695  20.843
it: 3.080 11.182 6.92e-05 25.241 36.389 3.294 4.029  22.069 33.666 3.103 3.920  20.845
it: 3.090 11.218 6.91e-05 25.068 36.497 3.193 3.890  20.418 32.626 2.919 3.769  20.802
it: 3.100 11.255 6.90e-05 25.341 37.152 3.283 3.953  21.343 35.057 3.053 3.867  20.760
it: 3.110 11.291 6.89e-05 24.679 36.390 3.183 3.829  20.475 33.966 2.941 3.733  20.773
it: 3.120 11.327 6.88e-05 24.969 36.287 3.276 3.942  21.612 33.095 3.065 3.809  20.798
it: 3.130 11.363 6.87e-05 25.001 36.687 3.331 4.008  21.268 35.898 3.092 3.993  20.780
it: 3.140 11.399 6.86e-05 24.559 35.766 3.188 3.914  20.585 34.330 2.988 3.843  20.728
it: 3.150 11.436 6.85e-05 24.971 36.083 3.181 3.888  20.146 32.218 2.906 3.725  20.704
it: 3.160 11.472 6.84e-05 24.308 34.479 3.181 3.806  20.816 31.842 2.953 3.674  20.749
it: 3.170 11.508 6.83e-05 24.573 36.221 3.195 3.938  21.083 33.216 3.034 3.787  20.752
it: 3.180 11.544 6.82e-05 24.518 35.561 3.236 3.827  20.594 32.906 2.977 3.727  20.703
it: 3.190 11.581 6.81e-05 24.315 35.537 3.157 3.851  19.801 33.100 2.850 3.747  20.666
it: 3.200 11.617 6.80e-05 24.859 36.876 3.177 3.918  21.553 34.200 3.065 3.848  20.678
it: 3.210 11.653 6.79e-05 24.817 35.706 3.189 3.882  21.009 32.611 2.952 3.756  20.689
it: 3.220 11.689 6.78e-05 25.631 37.319 3.306 4.037  22.771 34.593 3.180 3.947  20.607
it: 3.230 11.726 6.77e-05 23.969 36.205 3.208 3.930  20.093 32.741 2.935 3.782  20.675
it: 3.240 11.762 6.76e-05 25.328 37.920 3.258 3.931  21.963 35.668 3.093 3.847  20.659
it: 3.250 11.798 6.75e-05 24.398 36.255 3.238 3.871  21.294 33.200 3.015 3.812  20.603
it: 3.260 11.834 6.74e-05 25.735 35.678 3.292 3.947  22.180 33.889 3.158 3.920  20.615
it: 3.270 11.871 6.73e-05 25.042 36.634 3.291 3.911  21.116 33.777 3.034 3.863  20.589
it: 3.280 11.907 6.72e-05 24.358 36.031 3.194 3.862  20.389 32.503 2.880 3.678  20.537
it: 3.290 11.943 6.71e-05 24.633 35.906 3.242 3.931  20.405 33.707 3.022 3.787  20.632
it: 3.300 11.979 6.70e-05 24.625 35.712 3.297 3.942  20.705 34.564 3.037 3.928  20.622
it: 3.310 12.015 6.69e-05 25.602 36.133 3.261 3.971  22.065 34.019 3.038 3.806  20.560
it: 3.320 12.052 6.68e-05 25.104 36.536 3.300 3.885  21.295 33.016 3.031 3.795  20.606
it: 3.330 12.088 6.67e-05 24.792 35.867 3.269 3.893  21.229 32.958 2.951 3.778  20.494
it: 3.340 12.124 6.66e-05 24.518 36.044 3.234 3.930  21.203 32.440 2.975 3.788  20.576
it: 3.350 12.160 6.65e-05 24.423 36.716 3.260 3.960  20.940 34.005 3.026 3.884  20.493
it: 3.360 12.196 6.64e-05 24.518 36.341 3.237 3.956  20.835 33.379 3.001 3.821  20.569
it: 3.370 12.233 6.63e-05 24.644 35.703 3.267 3.900  20.646 32.935 3.009 3.819  20.508
it: 3.380 12.269 6.62e-05 24.488 35.479 3.191 3.943  20.361 32.776 2.915 3.778  20.545
it: 3.390 12.305 6.61e-05 24.139 37.148 3.218 3.943  21.544 34.872 3.101 3.884  20.513
it: 3.400 12.341 6.60e-05 24.070 36.287 3.146 3.910  20.205 33.106 2.912 3.751  20.549
it: 3.410 12.378 6.59e-05 24.787 36.233 3.230 3.862  21.440 33.712 3.011 3.704  20.470
it: 3.420 12.414 6.58e-05 25.637 36.990 3.207 3.893  21.790 33.798 3.050 3.811  20.496
it: 3.430 12.450 6.57e-05 25.257 36.493 3.305 3.988  21.320 33.285 3.112 3.824  20.415
it: 3.440 12.486 6.56e-05 25.118 36.038 3.231 3.940  21.125 33.262 3.054 3.827  20.459
it: 3.450 12.523 6.55e-05 24.670 35.790 3.165 3.859  20.079 31.873 2.876 3.698  20.420
it: 3.460 12.559 6.54e-05 24.227 34.422 3.248 3.834  20.916 31.745 2.977 3.750  20.386
it: 3.470 12.595 6.53e-05 24.644 37.169 3.173 3.901  20.868 34.429 2.914 3.797  20.359
it: 3.480 12.631 6.52e-05 24.182 35.484 3.168 3.910  20.029 32.667 2.911 3.748  20.392
it: 3.490 12.668 6.51e-05 24.305 34.941 3.196 3.788  19.985 32.366 2.859 3.671  20.352
it: 3.500 12.704 6.50e-05 24.666 36.753 3.266 3.903  20.569 34.851 2.937 3.844  20.403
it: 3.510 12.740 6.49e-05 24.896 36.840 3.207 3.937  21.251 35.298 2.980 3.828  20.288
it: 3.520 12.776 6.48e-05 23.830 35.023 3.159 3.807  19.802 31.960 2.856 3.656  20.417
it: 3.530 12.813 6.47e-05 23.826 35.859 3.181 3.911  20.141 31.696 2.859 3.684  20.339
it: 3.540 12.849 6.46e-05 24.911 35.114 3.214 3.822  20.812 32.854 2.980 3.705  20.340
it: 3.550 12.885 6.45e-05 24.293 35.273 3.203 3.871  20.416 32.002 2.922 3.745  20.248
it: 3.560 12.921 6.44e-05 24.389 35.016 3.225 3.895  21.007 33.307 3.017 3.753  20.348
it: 3.570 12.958 6.43e-05 24.673 35.193 3.217 3.810  20.179 32.178 2.912 3.745  20.319
it: 3.580 12.994 6.42e-05 24.688 35.512 3.309 3.915  21.490 32.226 3.019 3.748  20.265
it: 3.590 13.030 6.41e-05 24.085 35.542 3.137 3.865  19.268 32.310 2.855 3.727  20.344
it: 3.600 13.066 6.40e-05 24.140 35.883 3.176 3.809  20.401 32.945 2.937 3.780  20.336
it: 3.610 13.102 6.39e-05 24.709 35.553 3.227 4.051  20.959 32.089 2.987 3.746  20.226
it: 3.620 13.139 6.38e-05 23.903 35.246 3.167 3.864  19.681 32.310 2.870 3.723  20.301
it: 3.630 13.175 6.37e-05 24.906 34.891 3.285 3.931  22.509 33.375 3.168 3.936  20.205
it: 3.640 13.211 6.36e-05 25.750 36.118 3.313 4.003  22.849 35.281 3.166 3.992  20.241
it: 3.650 13.247 6.35e-05 24.606 35.770 3.291 3.908  21.014 33.390 2.979 3.813  20.148
it: 3.660 13.284 6.34e-05 24.242 35.691 3.234 3.908  20.695 33.970 2.894 3.809  20.240
it: 3.670 13.320 6.33e-05 24.190 36.075 3.136 3.943  19.957 33.004 2.851 3.803  20.263
it: 3.680 13.356 6.32e-05 24.645 35.851 3.265 3.909  20.829 33.845 3.008 3.858  20.227
it: 3.690 13.392 6.31e-05 24.083 37.411 3.160 3.884  20.414 33.534 2.940 3.767  20.167
it: 3.700 13.428 6.30e-05 25.375 36.878 3.221 3.994  22.938 35.634 3.159 3.916  20.210
it: 3.710 13.465 6.29e-05 24.774 35.121 3.196 3.829  20.613 33.044 2.923 3.740  20.186
it: 3.720 13.501 6.28e-05 24.279 34.941 3.125 3.845  19.883 33.120 2.898 3.744  20.166
it: 3.730 13.537 6.27e-05 24.005 36.287 3.182 3.928  20.703 35.559 2.926 3.752  20.235
it: 3.740 13.573 6.26e-05 24.244 35.024 3.165 3.907  20.359 32.627 2.952 3.767  20.202
it: 3.750 13.610 6.25e-05 23.955 35.470 3.121 3.866  19.670 32.775 2.878 3.668  20.186
it: 3.760 13.646 6.24e-05 24.429 36.556 3.160 3.910  20.435 32.659 2.971 3.735  20.116
it: 3.770 13.682 6.23e-05 23.987 36.078 3.144 3.832  19.945 32.798 2.915 3.728  20.121
it: 3.780 13.718 6.22e-05 25.162 35.225 3.223 3.984  22.251 33.049 3.062 3.848  20.070
it: 3.790 13.755 6.21e-05 24.851 36.005 3.199 3.807  20.925 32.226 2.963 3.677  20.144
it: 3.800 13.791 6.20e-05 24.225 36.317 3.219 3.953  20.632 33.538 2.965 3.797  20.077
it: 3.810 13.827 6.19e-05 23.957 35.279 3.169 3.856  19.935 32.220 2.888 3.730  20.102
it: 3.820 13.863 6.18e-05 26.841 37.109 3.446 4.046  24.839 35.691 3.332 4.053  20.016
it: 3.830 13.899 6.17e-05 24.461 34.571 3.155 3.833  20.130 32.031 2.915 3.679  20.106
it: 3.840 13.936 6.16e-05 24.278 35.522 3.195 3.897  20.880 32.930 2.950 3.781  20.049
it: 3.850 13.972 6.15e-05 24.373 35.146 3.288 3.891  20.569 31.670 3.015 3.724  20.023
it: 3.860 14.008 6.14e-05 24.172 35.845 3.207 3.875  19.840 33.778 2.879 3.765  19.995
it: 3.870 14.044 6.13e-05 25.192 36.888 3.267 3.927  21.558 34.130 3.031 3.881  19.995
it: 3.880 14.081 6.12e-05 23.970 35.704 3.123 3.816  20.146 33.036 2.897 3.775  20.046
it: 3.890 14.117 6.11e-05 24.255 35.493 3.145 3.853  20.003 31.497 2.878 3.685  19.981
it: 3.900 14.153 6.10e-05 24.387 35.143 3.224 3.872  20.532 31.985 2.938 3.665  19.992
it: 3.910 14.189 6.09e-05 23.739 36.757 3.156 3.888  20.158 33.513 2.924 3.692  20.014
it: 3.920 14.226 6.08e-05 23.899 35.835 3.122 3.902  19.919 32.718 2.871 3.705  19.965
it: 3.930 14.262 6.07e-05 23.844 35.949 3.173 3.889  20.368 33.520 2.997 3.868  20.020
it: 3.940 14.298 6.06e-05 24.258 36.704 3.144 3.844  20.508 32.470 2.907 3.664  19.982
it: 3.950 14.334 6.05e-05 23.566 34.676 3.163 3.886  19.581 32.281 2.889 3.689  19.988
it: 3.960 14.370 6.04e-05 23.861 36.396 3.169 3.884  20.038 33.300 2.888 3.650  19.938
it: 3.970 14.407 6.03e-05 23.514 35.310 3.124 3.869  19.413 32.634 2.840 3.727  19.985
it: 3.980 14.443 6.02e-05 24.275 35.791 3.215 3.926  20.773 33.955 2.994 3.796  19.927
it: 3.990 14.479 6.01e-05 24.077 36.596 3.194 3.812  20.165 33.277 3.002 3.758  19.961
it: 4.000 14.515 6.00e-05 24.653 37.087 3.257 3.926  21.783 35.068 3.149 3.971  19.957
it: 4.010 14.552 5.99e-05 24.269 36.036 3.117 3.855  19.877 32.150 2.857 3.713  19.927
it: 4.020 14.588 5.98e-05 24.554 35.850 3.243 3.930  21.285 33.148 3.054 3.764  19.958
it: 4.030 14.624 5.97e-05 24.039 34.770 3.174 3.869  20.208 31.760 2.847 3.674  19.868
it: 4.040 14.660 5.96e-05 24.216 35.279 3.150 3.903  20.271 32.466 2.935 3.760  19.895
it: 4.050 14.697 5.95e-05 23.617 35.067 3.143 3.851  19.865 32.124 2.897 3.680  19.897
it: 4.060 14.733 5.94e-05 23.803 36.115 3.201 3.896  19.874 33.222 2.947 3.780  19.912
it: 4.070 14.769 5.93e-05 23.538 35.134 3.158 3.848  19.392 32.406 2.876 3.741  19.798
it: 4.080 14.805 5.92e-05 24.547 35.972 3.184 3.844  20.827 33.446 2.913 3.721  19.887
it: 4.090 14.842 5.91e-05 24.802 35.810 3.225 3.924  20.267 32.794 2.922 3.798  19.905
it: 4.100 14.878 5.90e-05 23.959 34.588 3.113 3.803  20.515 32.286 2.863 3.671  19.892
it: 4.110 14.914 5.89e-05 24.049 35.010 3.174 3.780  19.610 31.868 2.866 3.649  19.855
it: 4.120 14.950 5.88e-05 24.081 35.801 3.189 3.917  21.245 34.982 3.064 3.868  19.855
it: 4.130 14.987 5.87e-05 23.352 35.199 3.139 3.832  19.411 32.492 2.850 3.684  19.812
it: 4.140 15.023 5.86e-05 23.985 35.394 3.102 3.843  20.097 32.419 2.820 3.712  19.867
it: 4.150 15.059 5.85e-05 24.137 35.915 3.216 3.885  19.465 32.488 2.871 3.684  19.815
it: 4.160 15.095 5.84e-05 24.189 34.498 3.189 3.893  19.714 31.305 2.856 3.694  19.843
it: 4.170 15.132 5.83e-05 24.184 35.801 3.144 3.875  20.055 32.251 2.904 3.645  19.785
it: 4.180 15.168 5.82e-05 23.814 36.004 3.170 3.890  19.892 32.596 2.906 3.731  19.766
it: 4.190 15.204 5.81e-05 24.106 34.702 3.191 3.800  19.941 31.288 2.941 3.726  19.802
it: 4.200 15.241 5.80e-05 24.420 36.966 3.266 3.911  21.674 35.911 3.084 3.902  19.757
it: 4.210 15.277 5.79e-05 24.447 35.738 3.168 3.932  20.150 32.320 2.840 3.751  19.810
it: 4.220 15.313 5.78e-05 24.424 34.680 3.208 3.838  20.626 32.305 2.962 3.707  19.766
it: 4.230 15.349 5.77e-05 23.456 34.692 3.134 3.852  19.829 31.495 2.873 3.629  19.795
it: 4.240 15.386 5.76e-05 24.365 35.538 3.199 3.947  20.810 33.585 2.980 3.845  19.727
it: 4.250 15.422 5.75e-05 24.735 35.375 3.281 3.891  21.553 32.854 3.072 3.806  19.713
it: 4.260 15.458 5.74e-05 24.158 35.738 3.218 3.888  20.990 33.778 3.038 3.814  19.724
it: 4.270 15.494 5.73e-05 23.858 34.782 3.153 3.816  19.124 32.952 2.825 3.711  19.706
it: 4.280 15.530 5.72e-05 23.283 34.750 3.107 3.853  19.699 32.819 2.973 3.746  19.705
it: 4.290 15.567 5.71e-05 24.180 35.540 3.169 3.835  20.254 33.141 2.908 3.753  19.723
it: 4.300 15.603 5.70e-05 23.404 35.559 3.117 3.894  19.706 33.346 2.818 3.684  19.664
it: 4.310 15.639 5.69e-05 23.362 35.980 3.115 3.817  19.910 33.154 2.869 3.705  19.708
it: 4.320 15.675 5.68e-05 23.633 36.725 3.163 3.855  20.572 33.193 2.928 3.745  19.664
it: 4.330 15.712 5.67e-05 23.555 36.894 3.173 3.931  19.707 34.414 2.839 3.808  19.646
it: 4.340 15.748 5.66e-05 23.363 34.680 3.084 3.829  19.472 31.547 2.887 3.679  19.697
it: 4.350 15.784 5.65e-05 23.800 35.033 3.169 3.853  19.960 32.748 2.978 3.733  19.708
it: 4.360 15.820 5.64e-05 23.980 35.781 3.142 3.815  20.128 32.774 2.878 3.682  19.704
it: 4.370 15.857 5.63e-05 23.528 35.688 3.143 3.847  19.354 32.502 2.853 3.773  19.707
it: 4.380 15.893 5.62e-05 23.594 35.835 3.136 3.889  19.461 33.162 2.883 3.779  19.626
it: 4.390 15.929 5.61e-05 23.966 36.375 3.130 3.838  19.850 32.295 2.855 3.671  19.621
it: 4.400 15.965 5.60e-05 24.425 36.310 3.161 3.902  19.664 32.400 2.883 3.768  19.596
it: 4.410 16.002 5.59e-05 24.231 35.249 3.131 3.847  20.247 32.154 2.883 3.769  19.598
it: 4.420 16.038 5.58e-05 23.662 35.465 3.092 3.882  19.062 32.445 2.847 3.689  19.641
it: 4.430 16.074 5.57e-05 25.161 36.874 3.291 3.956  22.070 35.210 3.111 3.961  19.616
it: 4.440 16.110 5.56e-05 23.343 35.356 3.163 3.867  19.833 33.252 2.853 3.791  19.621
it: 4.450 16.147 5.55e-05 23.746 36.451 3.187 3.885  19.868 33.519 2.928 3.777  19.537
it: 4.460 16.183 5.54e-05 24.530 36.489 3.211 3.947  21.547 35.088 3.125 3.890  19.578
it: 4.470 16.219 5.53e-05 23.604 35.326 3.086 3.852  19.967 33.352 2.828 3.704  19.582
it: 4.480 16.255 5.52e-05 24.096 34.992 3.171 3.861  20.353 32.307 2.925 3.760  19.549
it: 4.490 16.292 5.51e-05 25.111 37.665 3.252 3.963  21.801 35.481 3.116 3.867  19.576
it: 4.500 16.328 5.50e-05 23.226 35.013 3.143 3.802  19.372 32.535 2.894 3.689  19.573
it: 4.510 16.364 5.49e-05 23.519 36.360 3.101 3.926  20.227 33.911 2.944 3.801  19.527
it: 4.520 16.400 5.48e-05 24.155 36.257 3.192 3.940  19.953 33.515 3.014 3.808  19.571
it: 4.530 16.436 5.47e-05 23.129 34.606 3.170 3.839  18.986 31.307 2.907 3.725  19.594
it: 4.540 16.473 5.46e-05 23.514 35.450 3.100 3.857  19.418 32.034 2.821 3.738  19.527
it: 4.550 16.509 5.45e-05 23.603 35.083 3.147 3.933  19.235 32.115 2.791 3.686  19.564
it: 4.560 16.545 5.44e-05 23.483 34.913 3.151 3.726  19.369 31.963 2.822 3.688  19.518
it: 4.570 16.581 5.43e-05 23.244 35.684 3.156 3.894  19.392 33.343 2.808 3.712  19.488
it: 4.580 16.618 5.42e-05 23.873 35.180 3.160 3.808  19.522 31.661 2.862 3.718  19.521
it: 4.590 16.654 5.41e-05 24.038 35.158 3.133 3.832  19.717 32.821 2.838 3.749  19.508
it: 4.600 16.690 5.40e-05 23.471 35.871 3.140 3.918  19.310 32.382 2.836 3.659  19.478
it: 4.610 16.726 5.39e-05 24.076 36.302 3.073 3.858  19.950 33.116 2.859 3.747  19.504
it: 4.620 16.762 5.38e-05 23.280 35.974 3.075 3.882  18.982 32.534 2.768 3.643  19.446
it: 4.630 16.799 5.37e-05 23.641 36.125 3.186 3.818  20.159 33.735 2.920 3.689  19.489
it: 4.640 16.835 5.36e-05 23.132 36.609 3.162 3.852  19.215 33.492 2.852 3.723  19.411
it: 4.650 16.871 5.35e-05 23.370 34.386 3.219 3.796  19.932 31.213 2.945 3.704  19.510
it: 4.660 16.907 5.34e-05 23.534 36.135 3.155 3.744  20.023 32.598 2.926 3.705  19.497
it: 4.670 16.944 5.33e-05 23.367 34.551 3.122 3.823  19.611 31.260 2.885 3.672  19.399
it: 4.680 16.980 5.32e-05 23.969 35.043 3.179 3.939  20.940 32.799 2.933 3.796  19.511
it: 4.690 17.016 5.31e-05 23.683 37.098 3.143 3.959  19.787 34.501 2.928 3.764  19.438
it: 4.700 17.052 5.30e-05 22.940 34.769 3.150 3.798  19.593 32.326 2.834 3.699  19.489
it: 4.710 17.089 5.29e-05 23.484 35.502 3.179 3.973  19.806 33.521 2.961 3.784  19.442
it: 4.720 17.125 5.28e-05 23.341 34.789 3.124 3.879  19.417 32.399 2.839 3.712  19.418
it: 4.730 17.161 5.27e-05 23.739 36.235 3.188 3.906  19.771 33.213 2.925 3.779  19.449
it: 4.740 17.197 5.26e-05 23.057 35.121 3.104 3.820  19.053 32.728 2.835 3.658  19.463
it: 4.750 17.234 5.25e-05 23.610 34.905 3.179 3.849  20.560 31.802 2.982 3.725  19.407
it: 4.760 17.270 5.24e-05 24.079 35.467 3.227 3.955  20.601 33.774 2.975 3.806  19.391
it: 4.770 17.306 5.23e-05 23.402 35.143 3.118 3.880  19.053 32.494 2.860 3.694  19.335
it: 4.780 17.342 5.22e-05 23.450 36.682 3.249 3.951  20.997 34.477 3.032 3.865  19.300
it: 4.790 17.379 5.21e-05 23.650 35.072 3.115 3.824  19.125 32.339 2.864 3.676  19.352
it: 4.800 17.415 5.20e-05 23.591 35.705 3.139 3.875  18.949 32.544 2.773 3.643  19.386
it: 4.810 17.451 5.19e-05 23.377 34.828 3.179 3.856  18.774 32.021 2.835 3.603  19.283
it: 4.820 17.487 5.18e-05 23.734 34.640 3.127 3.763  19.301 32.123 2.864 3.674  19.426
it: 4.830 17.523 5.17e-05 23.953 36.204 3.204 3.912  20.311 34.407 2.993 3.852  19.337
it: 4.840 17.560 5.16e-05 24.011 34.510 3.177 3.951  20.731 32.101 3.009 3.840  19.328
it: 4.850 17.596 5.15e-05 23.820 35.624 3.190 3.837  19.613 32.177 2.877 3.721  19.262
it: 4.860 17.632 5.14e-05 23.879 35.825 3.157 3.837  20.100 32.393 2.906 3.727  19.306
it: 4.870 17.668 5.13e-05 23.627 35.747 3.101 3.854  19.216 33.644 2.789 3.626  19.365
it: 4.880 17.705 5.12e-05 23.619 34.648 3.077 3.878  19.108 32.115 2.838 3.783  19.335
it: 4.890 17.741 5.11e-05 23.554 35.855 3.161 3.841  20.268 32.903 2.889 3.687  19.323
it: 4.900 17.777 5.10e-05 23.225 34.279 3.079 3.831  19.132 31.773 2.807 3.727  19.333
it: 4.910 17.813 5.09e-05 23.064 35.894 3.084 3.786  18.368 32.177 2.759 3.718  19.299
it: 4.920 17.850 5.08e-05 22.984 35.241 3.118 3.820  19.366 32.770 2.817 3.659  19.291
it: 4.930 17.887 5.07e-05 23.755 34.987 3.160 3.884  19.863 32.494 2.959 3.718  19.305
it: 4.940 17.923 5.06e-05 23.549 35.524 3.126 3.964  19.043 31.852 2.815 3.683  19.251
it: 4.950 17.959 5.05e-05 23.522 35.502 3.148 3.821  19.182 33.156 2.795 3.672  19.211
it: 4.960 17.995 5.04e-05 23.219 35.161 3.104 3.792  18.940 31.449 2.815 3.631  19.285
it: 4.970 18.032 5.03e-05 23.383 34.490 3.095 3.798  19.549 31.827 2.816 3.668  19.257
it: 4.980 18.068 5.02e-05 23.286 34.686 3.101 3.798  19.176 31.916 2.876 3.718  19.263
it: 4.990 18.104 5.01e-05 23.514 35.255 3.194 3.830  19.137 31.734 2.834 3.671  19.291
it: 5.000 18.140 5.00e-05 23.281 35.056 3.091 3.821  19.363 31.959 2.850 3.680  19.149
it: 5.010 18.176 4.99e-05 23.999 36.114 3.163 3.802  20.124 33.635 2.900 3.809  19.242
it: 5.020 18.213 4.98e-05 23.598 34.432 3.135 3.812  19.836 32.711 2.904 3.710  19.196
it: 5.030 18.249 4.97e-05 23.307 35.437 3.108 3.811  18.554 32.389 2.817 3.720  19.295
it: 5.040 18.285 4.96e-05 24.068 36.248 3.183 3.940  20.676 34.365 3.001 3.812  19.179
it: 5.050 18.321 4.95e-05 24.084 36.382 3.196 3.910  19.765 33.580 2.968 3.814  19.219
it: 5.060 18.358 4.94e-05 24.133 36.072 3.157 3.847  20.442 34.013 2.974 3.739  19.204
it: 5.070 18.394 4.93e-05 23.632 34.819 3.172 3.827  19.621 32.265 2.897 3.769  19.218
it: 5.080 18.430 4.92e-05 23.585 34.986 3.089 3.775  19.390 32.584 2.794 3.688  19.209
it: 5.090 18.466 4.91e-05 23.011 35.229 3.101 3.827  19.062 31.949 2.807 3.681  19.182
it: 5.100 18.503 4.90e-05 23.646 34.251 3.131 3.764  19.090 32.084 2.776 3.661  19.149
it: 5.110 18.539 4.89e-05 23.786 35.381 3.176 3.864  19.725 32.420 2.916 3.683  19.181
it: 5.120 18.575 4.88e-05 23.730 36.757 3.099 3.911  19.381 34.286 2.857 3.755  19.181
it: 5.130 18.611 4.87e-05 23.148 35.079 3.099 3.866  18.958 32.435 2.826 3.755  19.196
it: 5.140 18.648 4.86e-05 23.176 34.054 3.099 3.859  19.123 32.039 2.801 3.677  19.176
it: 5.150 18.684 4.85e-05 23.164 35.070 3.147 3.916  19.533 32.546 2.900 3.728  19.156
it: 5.160 18.720 4.84e-05 22.880 35.221 3.092 3.796  18.322 32.199 2.771 3.691  19.100
it: 5.170 18.756 4.83e-05 23.186 34.568 3.074 3.881  18.686 32.335 2.776 3.700  19.116
it: 5.180 18.793 4.82e-05 23.983 35.542 3.170 3.875  20.677 32.863 2.942 3.761  19.137
it: 5.190 18.829 4.81e-05 23.180 35.220 3.076 3.858  19.112 31.334 2.792 3.659  19.106
it: 5.200 18.865 4.80e-05 23.401 35.476 3.161 3.806  19.648 33.220 2.863 3.744  19.131
it: 5.210 18.901 4.79e-05 24.159 36.242 3.234 3.856  20.308 33.617 2.963 3.737  19.131
it: 5.220 18.937 4.78e-05 23.849 35.502 3.181 3.864  19.742 31.688 2.986 3.750  19.104
it: 5.230 18.974 4.77e-05 23.657 35.444 3.174 3.909  20.004 31.677 2.904 3.686  19.038
it: 5.240 19.010 4.76e-05 23.016 35.722 3.139 3.883  19.167 32.543 2.820 3.685  19.111
it: 5.250 19.046 4.75e-05 23.674 34.293 3.121 3.860  19.990 31.860 2.888 3.644  19.119
it: 5.260 19.082 4.74e-05 23.431 35.285 3.068 3.892  18.977 33.175 2.785 3.669  19.087
it: 5.270 19.119 4.73e-05 23.759 34.531 3.188 3.866  20.705 32.179 3.035 3.752  19.073
it: 5.280 19.155 4.72e-05 23.479 34.684 3.079 3.860  19.295 31.530 2.842 3.647  19.030
it: 5.290 19.191 4.71e-05 23.250 34.849 3.081 3.900  19.452 31.515 2.813 3.708  19.083
it: 5.300 19.227 4.70e-05 22.901 34.295 3.133 3.812  19.214 32.943 2.867 3.746  19.064
it: 5.310 19.264 4.69e-05 23.196 35.368 3.115 3.852  19.069 31.723 2.867 3.678  19.074
it: 5.320 19.300 4.68e-05 23.437 35.599 3.132 3.788  19.432 33.235 2.815 3.707  19.008
it: 5.330 19.336 4.67e-05 23.070 35.853 3.080 3.800  19.191 32.420 2.882 3.681  19.026
it: 5.340 19.372 4.66e-05 23.557 35.616 3.160 3.840  19.464 32.568 2.832 3.751  19.027
it: 5.350 19.409 4.65e-05 23.499 35.387 3.064 3.833  19.275 32.170 2.787 3.676  19.023
it: 5.360 19.445 4.64e-05 23.237 35.311 3.137 3.847  19.160 32.421 2.837 3.706  19.020
it: 5.370 19.481 4.63e-05 23.487 35.760 3.150 3.832  19.801 32.715 2.868 3.688  18.997
it: 5.380 19.517 4.62e-05 23.945 35.575 3.122 3.923  19.644 32.592 2.930 3.768  19.023
it: 5.390 19.553 4.61e-05 23.256 34.590 3.057 3.811  19.327 31.239 2.836 3.619  19.035
it: 5.400 19.590 4.60e-05 23.572 34.424 3.139 3.826  20.047 31.136 2.917 3.695  19.036
it: 5.410 19.626 4.59e-05 22.751 34.145 3.090 3.803  19.581 31.719 2.807 3.734  18.941
it: 5.420 19.662 4.58e-05 22.584 34.643 3.090 3.915  18.668 32.185 2.771 3.632  18.965
it: 5.430 19.698 4.57e-05 24.081 35.347 3.213 3.879  20.479 32.627 3.025 3.757  19.015
it: 5.440 19.734 4.56e-05 23.420 34.760 3.049 3.902  19.448 31.744 2.765 3.683  19.000
it: 5.450 19.771 4.55e-05 23.246 34.776 3.113 3.867  19.435 31.366 2.842 3.653  18.937
it: 5.460 19.807 4.54e-05 23.607 36.436 3.244 3.882  19.829 33.679 2.879 3.815  18.961
it: 5.470 19.843 4.53e-05 23.211 35.269 3.096 3.858  19.494 32.841 2.888 3.681  18.944
it: 5.480 19.879 4.52e-05 23.173 35.763 3.126 3.871  19.826 32.563 2.903 3.668  18.983
it: 5.490 19.915 4.51e-05 23.247 33.931 3.115 3.818  18.645 31.245 2.854 3.644  18.903
it: 5.500 19.951 4.50e-05 23.874 34.980 3.193 3.840  20.075 32.540 2.973 3.744  18.932
it: 5.510 19.987 4.49e-05 23.113 35.321 3.128 3.906  19.205 32.469 2.836 3.693  18.915
it: 5.520 20.024 4.48e-05 23.172 34.921 3.081 3.805  18.776 31.664 2.778 3.618  18.888
it: 5.530 20.060 4.47e-05 23.147 34.884 3.181 3.840  19.463 32.283 2.875 3.615  18.913
it: 5.540 20.096 4.46e-05 23.192 34.539 3.153 3.794  18.709 31.940 2.739 3.707  18.916
it: 5.550 20.132 4.45e-05 23.371 35.962 3.130 3.847  19.594 32.639 2.904 3.654  18.897
it: 5.560 20.168 4.44e-05 22.969 35.507 3.106 3.864  18.837 32.929 2.751 3.671  18.926
it: 5.570 20.205 4.43e-05 23.720 35.080 3.169 3.831  19.604 32.570 2.878 3.728  18.957
it: 5.580 20.241 4.42e-05 23.117 34.790 3.147 3.840  19.253 32.187 2.893 3.709  18.950
it: 5.590 20.277 4.41e-05 23.538 34.361 3.171 3.893  20.478 31.813 2.979 3.755  18.929
it: 5.600 20.313 4.40e-05 24.321 35.724 3.274 3.896  20.922 34.218 3.031 3.821  18.875
it: 5.610 20.350 4.39e-05 22.980 35.209 3.133 3.821  18.482 31.939 2.820 3.691  18.897
it: 5.620 20.386 4.38e-05 23.024 33.970 3.120 3.861  19.119 30.760 2.816 3.652  18.874
it: 5.630 20.422 4.37e-05 22.863 35.462 3.081 3.808  18.449 32.713 2.808 3.668  18.855
it: 5.640 20.458 4.36e-05 23.345 35.607 3.077 3.909  18.891 32.360 2.819 3.742  18.850
it: 5.650 20.495 4.35e-05 24.170 36.651 3.235 3.998  20.691 33.085 2.964 3.828  18.839
it: 5.660 20.531 4.34e-05 23.135 35.865 3.066 3.819  19.128 32.010 2.885 3.723  18.845
it: 5.670 20.567 4.33e-05 22.644 35.103 3.121 3.847  19.092 32.451 2.769 3.716  18.884
it: 5.680 20.603 4.32e-05 23.782 35.070 3.149 3.910  19.569 31.803 2.966 3.693  18.817
it: 5.690 20.639 4.31e-05 23.554 35.099 3.112 3.882  18.937 31.952 2.732 3.653  18.827
it: 5.700 20.676 4.30e-05 22.659 35.140 3.099 3.775  18.548 31.086 2.811 3.638  18.772
it: 5.710 20.712 4.29e-05 23.527 34.503 3.144 3.882  20.228 31.926 2.969 3.723  18.785
it: 5.720 20.748 4.28e-05 23.214 35.964 3.089 3.811  19.118 32.348 2.847 3.696  18.795
it: 5.730 20.784 4.27e-05 22.263 35.206 3.061 3.775  18.369 32.004 2.784 3.637  18.814
it: 5.740 20.821 4.26e-05 23.979 35.706 3.174 3.899  20.812 32.575 2.986 3.734  18.785
it: 5.750 20.857 4.25e-05 23.098 35.259 3.121 3.922  19.488 32.508 2.904 3.763  18.877
it: 5.760 20.893 4.24e-05 23.226 35.163 3.049 3.759  18.862 31.461 2.805 3.616  18.799
it: 5.770 20.929 4.23e-05 23.010 36.060 3.177 3.830  18.933 33.402 2.855 3.725  18.773
it: 5.780 20.966 4.22e-05 23.492 35.586 3.164 3.848  19.232 32.931 2.896 3.691  18.741
it: 5.790 21.002 4.21e-05 23.070 35.176 3.102 3.832  18.882 31.484 2.789 3.715  18.758
it: 5.800 21.038 4.20e-05 23.123 34.785 3.104 3.870  18.926 31.007 2.834 3.683  18.765
it: 5.810 21.074 4.19e-05 22.762 35.691 3.086 3.795  18.377 31.498 2.732 3.589  18.818
it: 5.820 21.110 4.18e-05 22.723 34.857 3.070 3.856  18.465 32.388 2.805 3.720  18.723
it: 5.830 21.147 4.17e-05 23.103 34.920 3.057 3.747  18.919 31.787 2.862 3.713  18.743
it: 5.840 21.183 4.16e-05 22.703 36.191 3.072 3.789  18.924 32.953 2.813 3.680  18.788
it: 5.850 21.219 4.15e-05 23.006 36.196 3.118 3.887  19.026 33.145 2.857 3.741  18.717
it: 5.860 21.255 4.14e-05 22.746 35.506 3.088 3.855  18.762 31.644 2.878 3.705  18.784
it: 5.870 21.291 4.13e-05 22.280 34.377 3.032 3.799  18.323 31.865 2.780 3.663  18.748
it: 5.880 21.328 4.12e-05 22.808 35.393 3.077 3.877  18.727 31.357 2.779 3.652  18.729
it: 5.890 21.364 4.11e-05 23.065 34.850 3.079 3.825  18.946 32.736 2.802 3.703  18.724
it: 5.900 21.400 4.10e-05 22.857 35.009 3.069 3.866  19.110 31.506 2.824 3.614  18.696
it: 5.910 21.436 4.09e-05 23.027 35.877 3.131 3.933  20.116 33.816 2.934 3.842  18.736
it: 5.920 21.473 4.08e-05 23.085 35.659 3.127 3.814  18.783 31.623 2.842 3.657  18.722
it: 5.930 21.509 4.07e-05 22.792 36.149 3.077 3.896  19.098 32.867 2.836 3.741  18.729
it: 5.940 21.545 4.06e-05 22.733 34.898 3.082 3.801  18.271 31.170 2.802 3.624  18.724
it: 5.950 21.581 4.05e-05 22.654 35.554 3.114 3.830  18.591 32.306 2.826 3.654  18.709
it: 5.960 21.617 4.04e-05 22.816 34.394 3.063 3.800  18.613 31.882 2.833 3.683  18.738
it: 5.970 21.654 4.03e-05 23.765 35.314 3.187 3.852  20.374 32.750 2.915 3.778  18.689
it: 5.980 21.690 4.02e-05 23.314 35.162 3.112 3.835  19.735 33.206 2.790 3.834  18.670
it: 5.990 21.726 4.01e-05 23.319 34.506 3.101 3.843  18.677 30.982 2.785 3.615  18.685
it: 6.000 21.762 4.00e-05 22.465 35.580 3.069 3.787  18.512 31.908 2.757 3.712  18.668
it: 6.010 21.799 3.99e-05 22.791 34.848 3.094 3.874  18.809 32.837 2.783 3.728  18.654
it: 6.020 21.835 3.98e-05 23.537 34.838 3.085 3.790  19.373 30.834 2.848 3.621  18.662
it: 6.030 21.871 3.97e-05 22.855 35.636 3.033 3.864  18.922 32.624 2.840 3.696  18.624
it: 6.040 21.907 3.96e-05 23.172 35.228 3.085 3.806  19.173 32.413 2.861 3.760  18.666
it: 6.050 21.944 3.95e-05 23.316 35.579 3.088 3.840  18.715 31.969 2.792 3.670  18.627
it: 6.060 21.980 3.94e-05 23.455 35.288 3.124 3.855  18.867 32.879 2.812 3.718  18.638
it: 6.070 22.016 3.93e-05 23.196 33.506 3.105 3.753  18.945 31.562 2.832 3.701  18.675
it: 6.080 22.052 3.92e-05 22.854 34.950 3.119 3.818  18.646 31.402 2.734 3.580  18.651
it: 6.090 22.089 3.91e-05 23.173 33.986 3.108 3.875  19.773 31.973 2.844 3.731  18.588
it: 6.100 22.125 3.90e-05 22.653 34.329 3.076 3.851  18.615 31.726 2.781 3.691  18.675
it: 6.110 22.161 3.89e-05 22.699 35.327 3.085 3.842  18.438 31.514 2.814 3.602  18.593
it: 6.120 22.197 3.88e-05 22.816 34.688 3.044 3.788  18.729 30.803 2.787 3.599  18.610
it: 6.130 22.233 3.87e-05 22.567 33.839 3.095 3.826  18.595 31.111 2.803 3.668  18.654
it: 6.140 22.270 3.86e-05 23.175 35.799 3.183 3.860  19.511 33.289 2.949 3.729  18.600
it: 6.150 22.306 3.85e-05 23.046 33.702 3.106 3.788  18.917 31.431 2.815 3.766  18.631
it: 6.160 22.342 3.84e-05 22.657 34.095 3.053 3.804  18.428 31.351 2.783 3.630  18.608
it: 6.170 22.378 3.83e-05 22.781 35.789 3.121 3.834  18.975 32.918 2.877 3.719  18.595
it: 6.180 22.415 3.82e-05 23.042 34.767 3.093 3.817  18.660 31.825 2.809 3.696  18.583
it: 6.190 22.451 3.81e-05 22.801 34.733 3.065 3.805  18.626 30.926 2.750 3.626  18.556
it: 6.200 22.487 3.80e-05 23.535 34.619 3.119 3.738  19.092 32.173 2.875 3.654  18.513
it: 6.210 22.523 3.79e-05 22.588 33.877 3.123 3.825  18.694 31.150 2.759 3.705  18.626
it: 6.220 22.560 3.78e-05 23.195 34.687 3.059 3.803  19.056 31.398 2.741 3.650  18.534
it: 6.230 22.596 3.77e-05 22.906 34.601 3.127 3.770  18.364 31.021 2.748 3.597  18.568
it: 6.240 22.632 3.76e-05 22.999 35.836 3.058 3.737  19.209 32.626 2.857 3.654  18.554
it: 6.250 22.668 3.75e-05 22.825 34.467 3.093 3.865  18.193 31.101 2.760 3.563  18.607
it: 6.260 22.705 3.74e-05 23.190 34.523 3.152 3.869  19.245 31.676 2.900 3.668  18.528
it: 6.270 22.741 3.73e-05 23.255 36.516 3.185 3.906  19.542 34.398 2.860 3.786  18.531
it: 6.280 22.777 3.72e-05 22.925 35.139 3.089 3.827  19.043 32.614 2.839 3.592  18.538
it: 6.290 22.813 3.71e-05 22.814 36.444 3.040 3.760  18.137 32.126 2.694 3.601  18.493
it: 6.300 22.850 3.70e-05 22.927 34.275 3.130 3.773  18.694 30.648 2.785 3.598  18.546
it: 6.310 22.886 3.69e-05 22.645 34.478 3.052 3.845  18.860 30.644 2.774 3.597  18.506
it: 6.320 22.923 3.68e-05 22.527 34.384 3.082 3.879  18.930 32.372 2.846 3.731  18.516
it: 6.330 22.959 3.67e-05 23.177 35.930 3.109 3.858  19.361 33.254 2.895 3.714  18.524
it: 6.340 22.995 3.66e-05 22.920 34.922 3.127 3.829  18.705 32.084 2.808 3.703  18.506
it: 6.350 23.032 3.65e-05 23.566 35.173 3.097 3.812  19.196 33.407 2.906 3.720  18.486
it: 6.360 23.068 3.64e-05 23.000 35.199 3.067 3.884  18.418 31.306 2.751 3.622  18.437
it: 6.370 23.104 3.63e-05 22.640 34.270 3.098 3.769  18.359 31.953 2.786 3.617  18.476
it: 6.380 23.140 3.62e-05 23.240 36.463 3.107 3.795  19.022 33.977 2.795 3.673  18.440
it: 6.390 23.177 3.61e-05 23.042 34.649 3.134 3.821  18.906 31.335 2.857 3.588  18.446
it: 6.400 23.213 3.60e-05 22.514 33.910 3.097 3.761  18.329 30.423 2.798 3.592  18.494
it: 6.410 23.249 3.59e-05 22.467 34.743 3.045 3.824  18.323 32.030 2.795 3.644  18.488
it: 6.420 23.285 3.58e-05 22.868 34.727 3.064 3.915  19.452 31.816 2.875 3.745  18.469
it: 6.430 23.322 3.57e-05 22.594 34.237 3.052 3.879  18.537 31.272 2.808 3.675  18.450
it: 6.440 23.358 3.56e-05 23.224 34.875 3.091 3.803  19.177 31.549 2.772 3.651  18.439
it: 6.450 23.394 3.55e-05 22.460 34.755 3.003 3.741  17.938 31.691 2.725 3.574  18.502
it: 6.460 23.430 3.54e-05 23.481 34.870 3.126 3.894  20.487 32.691 2.923 3.771  18.426
it: 6.470 23.466 3.53e-05 22.248 34.073 3.073 3.814  18.336 31.165 2.762 3.604  18.427
it: 6.480 23.502 3.52e-05 22.935 34.435 3.109 3.751  18.972 31.577 2.843 3.648  18.381
it: 6.490 23.538 3.51e-05 23.113 34.969 3.058 3.802  18.591 31.117 2.771 3.637  18.451
it: 6.500 23.575 3.50e-05 23.058 34.276 3.085 3.814  18.390 31.048 2.761 3.595  18.421
it: 6.510 23.611 3.49e-05 21.863 34.906 3.055 3.850  17.986 31.639 2.769 3.751  18.419
it: 6.520 23.647 3.48e-05 23.044 33.918 3.061 3.788  18.706 31.156 2.828 3.603  18.436
it: 6.530 23.683 3.47e-05 22.673 34.163 3.083 3.742  18.479 30.860 2.789 3.607  18.385
it: 6.540 23.719 3.46e-05 22.382 33.569 3.091 3.768  18.319 31.518 2.710 3.654  18.411
it: 6.550 23.755 3.45e-05 22.343 35.171 3.086 3.824  17.706 32.050 2.700 3.648  18.414
it: 6.560 23.792 3.44e-05 22.643 35.150 3.104 3.872  19.053 31.066 2.750 3.641  18.369
it: 6.570 23.828 3.43e-05 22.808 34.645 3.121 3.929  18.824 31.713 2.834 3.666  18.359
it: 6.580 23.864 3.42e-05 22.424 35.151 3.075 3.849  18.451 31.242 2.753 3.654  18.397
it: 6.590 23.900 3.41e-05 23.118 34.490 3.030 3.807  18.959 31.309 2.782 3.650  18.354
it: 6.600 23.936 3.40e-05 22.784 34.913 3.045 3.818  18.944 32.503 2.838 3.737  18.362
it: 6.610 23.973 3.39e-05 22.606 35.591 3.108 3.783  18.411 31.734 2.761 3.619  18.371
it: 6.620 24.009 3.38e-05 22.316 34.771 3.010 3.773  18.072 31.562 2.740 3.678  18.406
it: 6.630 24.045 3.37e-05 22.789 35.011 3.147 3.804  18.822 32.810 2.860 3.692  18.366
it: 6.640 24.081 3.36e-05 22.785 34.619 3.080 3.804  18.445 31.067 2.801 3.604  18.356
it: 6.650 24.118 3.35e-05 22.716 34.002 3.072 3.810  18.213 30.791 2.731 3.624  18.313
it: 6.660 24.154 3.34e-05 22.233 35.198 3.031 3.771  18.241 32.243 2.781 3.610  18.306
it: 6.670 24.190 3.33e-05 23.144 35.337 3.115 3.858  18.654 31.770 2.854 3.657  18.317
it: 6.680 24.226 3.32e-05 22.641 34.533 3.107 3.759  18.250 31.141 2.783 3.631  18.335
it: 6.690 24.263 3.31e-05 22.307 34.642 3.069 3.821  18.585 30.993 2.777 3.598  18.354
it: 6.700 24.299 3.30e-05 22.863 35.979 3.052 3.855  18.985 32.811 2.783 3.689  18.320
it: 6.710 24.335 3.29e-05 23.204 34.307 3.051 3.753  18.347 32.338 2.759 3.660  18.339
it: 6.720 24.371 3.28e-05 22.822 35.259 3.077 3.819  18.340 31.593 2.742 3.599  18.307
it: 6.730 24.408 3.27e-05 22.462 34.766 3.083 3.888  18.090 30.977 2.771 3.663  18.307
it: 6.740 24.444 3.26e-05 22.921 33.757 3.070 3.764  18.164 31.181 2.725 3.634  18.339
it: 6.750 24.480 3.25e-05 23.003 33.757 3.028 3.746  18.128 30.462 2.727 3.567  18.280
it: 6.760 24.516 3.24e-05 23.128 34.769 3.126 3.900  18.778 32.080 2.783 3.693  18.275
it: 6.770 24.553 3.23e-05 22.753 34.250 3.033 3.771  18.090 31.899 2.754 3.618  18.286
it: 6.780 24.589 3.22e-05 22.178 34.217 3.020 3.834  17.853 31.110 2.753 3.601  18.293
it: 6.790 24.625 3.21e-05 22.777 34.840 3.024 3.804  18.908 32.370 2.822 3.677  18.293
it: 6.800 24.661 3.20e-05 22.244 35.502 3.064 3.815  18.530 31.551 2.761 3.642  18.236
it: 6.810 24.697 3.19e-05 22.647 34.746 3.063 3.788  18.664 31.953 2.750 3.568  18.318
it: 6.820 24.734 3.18e-05 22.496 35.065 3.034 3.787  18.116 31.765 2.751 3.591  18.269
it: 6.830 24.770 3.17e-05 22.472 34.527 3.064 3.803  18.445 32.167 2.795 3.628  18.284
it: 6.840 24.806 3.16e-05 23.210 34.975 3.087 3.795  18.942 31.903 2.776 3.657  18.302
it: 6.850 24.842 3.15e-05 23.126 35.422 3.146 3.934  19.508 31.640 2.889 3.759  18.277
it: 6.860 24.879 3.14e-05 22.855 35.648 3.015 3.815  18.354 32.219 2.751 3.639  18.274
it: 6.870 24.915 3.13e-05 22.483 35.380 3.050 3.811  18.675 31.514 2.791 3.675  18.220
it: 6.880 24.951 3.12e-05 23.266 35.358 3.112 3.860  19.648 32.688 2.882 3.674  18.276
it: 6.890 24.987 3.11e-05 22.768 34.311 3.092 3.843  18.650 31.513 2.762 3.567  18.247
it: 6.900 25.024 3.10e-05 23.159 36.166 3.050 3.794  18.156 32.024 2.783 3.649  18.198
it: 6.910 25.060 3.09e-05 23.076 34.969 3.112 3.845  18.509 32.133 2.803 3.654  18.212
it: 6.920 25.096 3.08e-05 23.290 34.895 3.088 3.843  18.634 31.394 2.772 3.655  18.286
it: 6.930 25.132 3.07e-05 22.428 34.294 3.027 3.796  18.273 31.291 2.808 3.616  18.214
it: 6.940 25.168 3.06e-05 22.897 34.392 3.061 3.791  18.392 30.820 2.744 3.621  18.213
it: 6.950 25.205 3.05e-05 22.561 33.952 3.089 3.813  18.269 31.440 2.747 3.658  18.215
it: 6.960 25.241 3.04e-05 22.201 35.103 3.046 3.732  18.379 32.822 2.759 3.660  18.183
it: 6.970 25.277 3.03e-05 22.754 34.948 3.087 3.739  18.473 32.187 2.769 3.602  18.145
it: 6.980 25.313 3.02e-05 23.004 34.128 3.058 3.778  18.368 31.167 2.710 3.607  18.243
it: 6.990 25.350 3.01e-05 22.624 35.440 3.060 3.844  18.431 31.355 2.774 3.636  18.192
it: 7.000 25.386 3.00e-05 22.780 36.368 3.128 3.845  18.358 32.602 2.747 3.743  18.187
it: 7.010 25.422 2.99e-05 23.020 34.295 3.182 3.797  19.055 31.722 2.822 3.657  18.209
it: 7.020 25.458 2.98e-05 21.802 35.141 3.027 3.763  18.036 31.951 2.745 3.661  18.172
it: 7.030 25.494 2.97e-05 22.484 33.782 3.040 3.831  17.916 30.974 2.716 3.641  18.121
it: 7.040 25.531 2.96e-05 23.403 35.854 3.106 3.814  18.777 32.410 2.817 3.742  18.238
it: 7.050 25.567 2.95e-05 22.965 35.235 3.096 3.807  18.420 31.133 2.744 3.586  18.151
it: 7.060 25.603 2.94e-05 23.028 35.587 3.087 3.866  19.324 33.648 2.909 3.782  18.170
it: 7.070 25.639 2.93e-05 22.581 34.550 3.119 3.828  18.222 30.750 2.749 3.573  18.123
it: 7.080 25.676 2.92e-05 22.989 33.858 3.107 3.842  18.478 30.907 2.751 3.636  18.186
it: 7.090 25.712 2.91e-05 22.766 35.748 3.035 3.842  18.500 32.946 2.828 3.731  18.150
it: 7.100 25.748 2.90e-05 22.770 33.942 3.043 3.786  18.550 31.290 2.761 3.654  18.160
it: 7.110 25.784 2.89e-05 22.648 34.053 3.067 3.826  18.531 31.228 2.736 3.654  18.059
it: 7.120 25.821 2.88e-05 22.396 35.016 3.016 3.765  17.996 31.641 2.731 3.604  18.133
it: 7.130 25.857 2.87e-05 23.018 35.145 3.040 3.806  18.711 32.124 2.755 3.714  18.174
it: 7.140 25.893 2.86e-05 22.165 34.758 3.053 3.783  17.866 31.673 2.756 3.691  18.137
it: 7.150 25.929 2.85e-05 22.632 35.064 3.095 3.841  18.527 32.408 2.795 3.601  18.124
it: 7.160 25.965 2.84e-05 22.474 35.566 3.061 3.778  18.917 32.143 2.780 3.642  18.106
it: 7.170 26.002 2.83e-05 22.464 35.083 3.084 3.812  18.445 31.985 2.740 3.682  18.091
it: 7.180 26.038 2.82e-05 22.747 34.369 3.131 3.782  18.742 32.101 2.848 3.681  18.038
it: 7.190 26.074 2.81e-05 22.772 34.362 3.093 3.775  18.534 31.173 2.760 3.602  18.117
it: 7.200 26.110 2.80e-05 23.404 34.269 3.162 3.814  19.580 31.015 2.844 3.752  18.069
it: 7.210 26.146 2.79e-05 21.959 34.228 3.040 3.842  17.764 31.067 2.713 3.618  18.128
it: 7.220 26.183 2.78e-05 22.665 35.775 3.081 3.813  18.208 33.147 2.785 3.670  18.112
it: 7.230 26.219 2.77e-05 23.009 35.474 3.087 3.847  18.543 31.532 2.767 3.629  18.098
it: 7.240 26.255 2.76e-05 21.940 33.781 3.074 3.754  17.955 31.564 2.768 3.686  18.117
it: 7.250 26.291 2.75e-05 22.445 34.442 3.073 3.810  18.415 30.793 2.770 3.654  18.093
it: 7.260 26.328 2.74e-05 22.858 34.193 3.071 3.799  18.504 30.918 2.770 3.562  18.129
it: 7.270 26.364 2.73e-05 22.197 34.383 3.001 3.818  18.455 31.167 2.762 3.644  18.139
it: 7.280 26.400 2.72e-05 22.664 34.580 3.069 3.782  18.486 31.925 2.739 3.636  18.049
it: 7.290 26.436 2.71e-05 22.105 34.061 3.025 3.817  18.378 30.827 2.706 3.685  18.072
it: 7.300 26.473 2.70e-05 22.730 35.728 3.053 3.784  18.774 33.101 2.825 3.693  18.078
it: 7.310 26.509 2.69e-05 22.542 34.340 3.052 3.797  17.577 30.994 2.708 3.562  18.042
it: 7.320 26.545 2.68e-05 22.461 34.756 3.071 3.841  18.666 31.649 2.771 3.687  18.081
it: 7.330 26.581 2.67e-05 22.538 35.551 3.026 3.794  18.633 31.603 2.734 3.624  18.062
it: 7.340 26.618 2.66e-05 22.623 34.477 3.045 3.766  18.046 31.611 2.722 3.686  18.033
it: 7.350 26.654 2.65e-05 22.605 34.945 3.100 3.747  18.479 32.304 2.806 3.593  18.014
it: 7.360 26.690 2.64e-05 22.501 34.528 3.051 3.751  18.211 30.708 2.780 3.542  18.052
it: 7.370 26.726 2.63e-05 22.704 34.932 3.133 3.760  18.527 32.419 2.787 3.654  18.063
it: 7.380 26.763 2.62e-05 22.044 34.222 3.042 3.859  17.577 31.385 2.758 3.613  18.109
it: 7.390 26.799 2.61e-05 23.039 33.973 3.088 3.795  18.666 31.058 2.796 3.654  18.037
it: 7.400 26.835 2.60e-05 23.023 33.710 3.091 3.774  17.949 30.793 2.770 3.606  18.037
it: 7.410 26.871 2.59e-05 22.436 35.528 3.055 3.767  18.104 32.048 2.749 3.619  17.996
it: 7.420 26.907 2.58e-05 22.804 34.525 2.998 3.827  18.824 31.416 2.755 3.615  18.026
it: 7.430 26.944 2.57e-05 22.308 34.457 3.015 3.799  18.017 31.001 2.737 3.711  18.000
it: 7.440 26.980 2.56e-05 22.358 34.662 3.086 3.749  18.689 31.163 2.800 3.570  18.039
it: 7.450 27.016 2.55e-05 22.389 34.612 3.071 3.760  18.146 31.498 2.782 3.614  18.038
it: 7.460 27.053 2.54e-05 22.455 34.283 3.103 3.801  18.048 31.061 2.734 3.567  17.953
it: 7.470 27.089 2.53e-05 22.580 33.604 3.022 3.790  18.209 30.305 2.702 3.663  17.997
it: 7.480 27.125 2.52e-05 21.939 33.569 3.085 3.741  18.154 31.269 2.688 3.676  17.986
it: 7.490 27.161 2.51e-05 23.217 34.371 3.109 3.802  18.252 31.876 2.737 3.686  17.951
it: 7.500 27.197 2.50e-05 22.817 34.459 3.079 3.958  18.844 31.500 2.874 3.648  17.959
it: 7.510 27.234 2.49e-05 21.739 34.031 3.062 3.794  18.067 31.186 2.745 3.620  18.011
it: 7.520 27.270 2.48e-05 22.344 34.234 3.094 3.832  18.331 30.972 2.744 3.626  17.977
it: 7.530 27.306 2.47e-05 22.379 34.231 3.032 3.777  17.679 30.729 2.769 3.641  17.980
it: 7.540 27.343 2.46e-05 22.365 35.796 3.087 3.883  18.444 32.757 2.878 3.703  17.989
it: 7.550 27.379 2.45e-05 22.113 34.953 3.080 3.763  17.502 31.510 2.710 3.645  17.982
it: 7.560 27.415 2.44e-05 22.762 34.475 3.015 3.814  17.956 31.593 2.749 3.628  17.972
it: 7.570 27.451 2.43e-05 22.644 34.169 3.004 3.800  18.345 32.154 2.719 3.633  17.999
it: 7.580 27.487 2.42e-05 22.229 34.396 3.033 3.727  18.020 31.899 2.790 3.705  17.903
it: 7.590 27.524 2.41e-05 23.075 35.375 3.069 3.862  18.542 33.405 2.808 3.722  17.953
it: 7.600 27.560 2.40e-05 22.135 35.051 3.033 3.799  18.267 31.655 2.724 3.608  17.941
it: 7.610 27.596 2.39e-05 22.114 35.074 3.030 3.800  17.863 31.651 2.674 3.676  17.948
it: 7.620 27.632 2.38e-05 22.618 34.203 3.053 3.823  17.755 31.075 2.708 3.568  17.933
it: 7.630 27.669 2.37e-05 22.087 35.204 3.090 3.782  17.928 31.149 2.653 3.649  17.938
it: 7.640 27.705 2.36e-05 22.309 33.824 3.064 3.805  18.178 30.810 2.768 3.590  17.974
it: 7.650 27.741 2.35e-05 21.963 33.977 2.984 3.830  17.941 30.880 2.673 3.604  17.932
it: 7.660 27.777 2.34e-05 22.582 34.160 3.070 3.778  18.288 31.423 2.776 3.578  17.896
it: 7.670 27.814 2.33e-05 22.367 34.170 3.014 3.799  17.959 30.508 2.729 3.578  17.907
it: 7.680 27.850 2.32e-05 22.607 36.276 3.037 3.819  18.398 31.857 2.695 3.650  17.961
it: 7.690 27.886 2.31e-05 22.446 33.421 2.988 3.844  17.711 30.635 2.665 3.669  17.884
it: 7.700 27.922 2.30e-05 21.937 34.500 2.989 3.868  18.089 30.941 2.725 3.662  17.889
it: 7.710 27.958 2.29e-05 22.328 35.215 3.058 3.861  18.017 32.322 2.698 3.680  17.894
it: 7.720 27.995 2.28e-05 22.249 33.008 3.026 3.755  17.815 29.422 2.736 3.597  17.885
it: 7.730 28.031 2.27e-05 22.706 34.214 3.086 3.812  18.073 30.929 2.746 3.594  17.885
it: 7.740 28.067 2.26e-05 22.251 34.698 3.018 3.829  17.960 30.643 2.687 3.592  17.884
it: 7.750 28.103 2.25e-05 22.684 34.140 3.075 3.819  18.180 31.402 2.766 3.597  17.857
it: 7.760 28.139 2.24e-05 22.708 34.081 3.083 3.736  18.136 31.039 2.713 3.612  17.864
it: 7.770 28.176 2.23e-05 22.734 34.428 3.059 3.760  18.254 31.932 2.758 3.685  17.891
it: 7.780 28.212 2.22e-05 23.001 34.044 3.047 3.842  18.346 31.458 2.728 3.649  17.883
it: 7.790 28.248 2.21e-05 22.487 34.763 3.061 3.787  17.901 30.847 2.707 3.574  17.893
it: 7.800 28.284 2.20e-05 22.437 34.922 3.112 3.802  18.162 32.282 2.788 3.702  17.842
it: 7.810 28.321 2.19e-05 23.080 34.442 3.037 3.786  18.006 30.649 2.707 3.625  17.886
it: 7.820 28.357 2.18e-05 23.241 34.720 3.091 3.776  18.291 31.178 2.753 3.634  17.854
it: 7.830 28.393 2.17e-05 22.037 34.784 3.025 3.804  17.836 31.114 2.703 3.609  17.856
it: 7.840 28.429 2.16e-05 22.204 35.422 2.986 3.826  17.887 31.452 2.789 3.639  17.838
it: 7.850 28.466 2.15e-05 22.747 34.274 3.052 3.839  18.453 30.845 2.760 3.650  17.841
it: 7.860 28.502 2.14e-05 22.288 34.162 3.044 3.779  18.201 31.442 2.773 3.649  17.929
it: 7.870 28.538 2.13e-05 23.246 34.727 3.194 3.793  18.868 31.276 2.846 3.610  17.854
it: 7.880 28.574 2.12e-05 23.630 36.582 3.245 4.040  21.453 36.731 3.147 4.014  17.831
it: 7.890 28.611 2.11e-05 23.109 34.531 3.052 3.824  18.543 32.004 2.745 3.645  17.847
it: 7.900 28.647 2.10e-05 22.817 35.335 3.046 3.774  18.255 31.789 2.726 3.621  17.827
it: 7.910 28.683 2.09e-05 22.210 35.006 3.090 3.823  18.553 31.147 2.829 3.621  17.796
it: 7.920 28.719 2.08e-05 22.498 34.234 3.021 3.756  18.017 32.172 2.686 3.597  17.819
it: 7.930 28.756 2.07e-05 22.030 35.946 3.015 3.773  18.055 31.586 2.721 3.623  17.792
it: 7.940 28.792 2.06e-05 22.787 34.220 3.108 3.834  18.145 31.174 2.755 3.609  17.828
it: 7.950 28.828 2.05e-05 23.148 34.855 3.090 3.822  18.902 32.059 2.782 3.740  17.813
it: 7.960 28.864 2.04e-05 22.242 34.484 3.008 3.799  17.955 30.599 2.687 3.658  17.817
it: 7.970 28.901 2.03e-05 22.647 34.734 3.092 3.916  18.141 31.110 2.715 3.611  17.802
it: 7.980 28.937 2.02e-05 22.279 34.425 3.076 3.826  18.600 30.888 2.779 3.658  17.790
it: 7.990 28.973 2.01e-05 22.590 34.633 3.076 3.789  18.242 31.427 2.813 3.653  17.788
it: 8.000 29.010 2.00e-05 22.773 34.057 3.079 3.706  17.799 30.829 2.698 3.552  17.768
it: 8.010 29.046 1.99e-05 22.139 34.682 3.003 3.728  17.610 31.165 2.703 3.577  17.784
it: 8.020 29.082 1.98e-05 21.703 34.634 2.988 3.825  18.010 31.153 2.723 3.589  17.761
it: 8.030 29.118 1.97e-05 22.809 35.187 3.075 3.770  18.076 32.066 2.785 3.579  17.777
it: 8.040 29.155 1.96e-05 22.007 35.191 3.004 3.801  18.028 31.773 2.706 3.587  17.779
it: 8.050 29.191 1.95e-05 22.432 35.051 3.060 3.762  18.014 31.166 2.784 3.632  17.780
it: 8.060 29.227 1.94e-05 22.383 34.329 2.991 3.768  17.888 30.194 2.706 3.593  17.793
it: 8.070 29.263 1.93e-05 23.144 35.204 3.110 3.798  18.214 31.428 2.748 3.613  17.768
it: 8.080 29.299 1.92e-05 22.159 34.233 3.003 3.746  18.225 31.068 2.735 3.689  17.774
it: 8.090 29.336 1.91e-05 22.605 34.934 3.082 3.843  18.025 31.478 2.705 3.612  17.778
it: 8.100 29.372 1.90e-05 22.594 33.873 3.005 3.837  18.104 32.067 2.717 3.640  17.704
it: 8.110 29.408 1.89e-05 22.204 34.001 3.001 3.789  17.932 31.994 2.662 3.554  17.750
it: 8.120 29.444 1.88e-05 22.766 34.682 3.036 3.795  17.940 31.690 2.734 3.643  17.762
it: 8.130 29.481 1.87e-05 22.928 36.041 3.026 3.796  18.384 31.399 2.779 3.622  17.751
it: 8.140 29.517 1.86e-05 22.143 34.834 3.051 3.852  17.407 31.838 2.661 3.611  17.776
it: 8.150 29.553 1.85e-05 22.199 34.463 2.971 3.765  18.364 31.606 2.727 3.573  17.723
it: 8.160 29.589 1.84e-05 22.862 34.972 3.144 3.817  18.461 31.926 2.773 3.566  17.759
it: 8.170 29.625 1.83e-05 22.361 34.384 3.106 3.772  18.177 31.868 2.720 3.546  17.730
it: 8.180 29.662 1.82e-05 22.457 34.714 3.054 3.810  17.739 31.418 2.684 3.627  17.748
it: 8.190 29.698 1.81e-05 22.980 34.920 3.071 3.772  18.393 33.171 2.837 3.655  17.744
it: 8.200 29.734 1.80e-05 22.365 34.784 3.031 3.852  18.045 30.556 2.686 3.590  17.695
it: 8.210 29.770 1.79e-05 22.388 34.792 3.091 3.800  17.844 31.364 2.772 3.640  17.729
it: 8.220 29.807 1.78e-05 22.190 34.420 3.042 3.798  18.109 31.601 2.789 3.670  17.702
it: 8.230 29.843 1.77e-05 22.107 34.615 3.013 3.797  18.244 31.334 2.777 3.605  17.731
it: 8.240 29.879 1.76e-05 21.990 33.494 3.070 3.822  17.999 30.803 2.714 3.599  17.688
it: 8.250 29.915 1.75e-05 22.371 34.153 3.045 3.781  17.833 31.046 2.730 3.525  17.725
it: 8.260 29.952 1.74e-05 22.068 34.340 3.036 3.792  18.186 30.977 2.703 3.601  17.728
it: 8.270 29.988 1.73e-05 21.705 34.296 3.090 3.750  17.570 31.540 2.767 3.588  17.657
it: 8.280 30.024 1.72e-05 22.156 34.574 3.012 3.793  18.866 32.136 2.777 3.644  17.669
it: 8.290 30.060 1.71e-05 22.217 34.555 3.013 3.792  17.792 31.401 2.693 3.661  17.729
it: 8.300 30.097 1.70e-05 22.535 34.394 3.078 3.813  18.028 30.710 2.740 3.577  17.684
it: 8.310 30.133 1.69e-05 22.150 34.302 2.975 3.723  17.801 30.750 2.701 3.633  17.696
it: 8.320 30.169 1.68e-05 22.228 33.773 3.016 3.801  17.591 31.373 2.710 3.638  17.702
it: 8.330 30.205 1.67e-05 22.261 34.610 3.060 3.880  18.211 30.637 2.753 3.584  17.626
it: 8.340 30.241 1.66e-05 22.596 33.929 3.005 3.747  18.404 31.164 2.768 3.693  17.675
it: 8.350 30.278 1.65e-05 22.193 34.596 3.012 3.766  18.090 31.168 2.729 3.643  17.651
it: 8.360 30.314 1.64e-05 22.739 35.221 2.986 3.794  18.424 31.538 2.754 3.605  17.709
it: 8.370 30.350 1.63e-05 22.298 34.888 3.095 3.831  18.210 31.695 2.732 3.602  17.642
it: 8.380 30.386 1.62e-05 22.011 33.508 3.060 3.732  17.972 31.433 2.753 3.589  17.630
it: 8.390 30.423 1.61e-05 22.451 34.955 3.104 3.812  18.521 32.563 2.842 3.696  17.631
it: 8.400 30.459 1.60e-05 21.655 34.531 2.998 3.776  17.649 30.863 2.659 3.598  17.654
it: 8.410 30.495 1.59e-05 22.616 34.916 3.054 3.751  18.061 31.622 2.714 3.598  17.689
it: 8.420 30.532 1.58e-05 22.701 33.610 3.067 3.719  18.029 31.314 2.726 3.655  17.697
it: 8.430 30.568 1.57e-05 22.441 33.895 3.035 3.717  17.331 30.532 2.639 3.589  17.622
it: 8.440 30.604 1.56e-05 22.547 35.807 3.034 3.807  18.042 31.292 2.702 3.623  17.675
it: 8.450 30.640 1.55e-05 21.710 34.545 3.024 3.845  17.633 31.613 2.709 3.656  17.644
it: 8.460 30.677 1.54e-05 22.475 34.243 3.004 3.791  17.759 31.391 2.690 3.635  17.649
it: 8.470 30.713 1.53e-05 21.678 34.991 3.018 3.850  17.324 31.355 2.654 3.659  17.620
it: 8.480 30.749 1.52e-05 22.590 34.743 3.090 3.875  18.176 30.814 2.762 3.665  17.625
it: 8.490 30.785 1.51e-05 22.561 34.194 3.066 3.855  17.849 31.204 2.703 3.629  17.631
it: 8.500 30.822 1.50e-05 21.973 34.281 2.958 3.774  18.033 30.832 2.724 3.580  17.603
it: 8.510 30.858 1.49e-05 21.825 34.079 3.024 3.788  17.628 31.131 2.701 3.562  17.625
it: 8.520 30.894 1.48e-05 21.999 34.936 3.025 3.716  17.471 31.619 2.756 3.589  17.604
it: 8.530 30.930 1.47e-05 21.987 33.661 3.006 3.835  17.762 31.112 2.648 3.648  17.620
it: 8.540 30.967 1.46e-05 22.015 35.337 3.008 3.812  17.923 31.479 2.740 3.661  17.623
it: 8.550 31.003 1.45e-05 22.706 35.006 3.014 3.771  17.810 31.500 2.671 3.617  17.571
it: 8.560 31.039 1.44e-05 22.435 34.042 3.062 3.769  17.873 31.520 2.683 3.632  17.644
it: 8.570 31.076 1.43e-05 21.833 34.199 2.991 3.825  17.385 30.497 2.688 3.576  17.605
it: 8.580 31.112 1.42e-05 22.137 34.583 3.036 3.789  17.535 32.131 2.668 3.646  17.647
it: 8.590 31.148 1.41e-05 21.831 34.828 2.966 3.771  17.823 32.362 2.708 3.665  17.609
it: 8.600 31.184 1.40e-05 22.316 34.863 3.045 3.807  17.324 31.061 2.660 3.603  17.525
it: 8.610 31.221 1.39e-05 22.246 33.495 3.020 3.829  17.647 31.093 2.640 3.639  17.620
it: 8.620 31.257 1.38e-05 22.118 34.638 3.018 3.774  17.380 31.139 2.703 3.584  17.546
it: 8.630 31.293 1.37e-05 22.253 34.032 3.000 3.798  17.699 31.226 2.709 3.613  17.586
it: 8.640 31.329 1.36e-05 22.520 34.523 3.053 3.793  17.548 31.410 2.683 3.657  17.550
it: 8.650 31.365 1.35e-05 22.680 34.253 3.024 3.803  17.729 31.041 2.737 3.644  17.575
it: 8.660 31.402 1.34e-05 22.743 33.818 3.099 3.776  18.096 30.393 2.683 3.621  17.606
it: 8.670 31.438 1.33e-05 21.627 34.141 3.010 3.806  17.191 30.785 2.662 3.591  17.586
it: 8.680 31.474 1.32e-05 22.454 35.508 3.025 3.822  18.172 31.598 2.768 3.641  17.600
it: 8.690 31.510 1.31e-05 22.023 34.748 3.004 3.748  17.527 31.932 2.709 3.618  17.502
it: 8.700 31.547 1.30e-05 22.644 35.331 3.029 3.811  17.803 31.518 2.704 3.597  17.573
it: 8.710 31.583 1.29e-05 22.059 35.380 3.006 3.756  17.965 31.607 2.707 3.614  17.574
it: 8.720 31.619 1.28e-05 22.418 35.158 3.093 3.752  18.153 30.866 2.717 3.623  17.542
it: 8.730 31.655 1.27e-05 22.481 34.042 3.085 3.787  17.919 30.822 2.692 3.601  17.540
it: 8.740 31.692 1.26e-05 22.571 34.415 3.047 3.814  17.811 31.161 2.699 3.620  17.527
it: 8.750 31.728 1.25e-05 22.152 34.778 3.005 3.780  17.994 31.905 2.717 3.600  17.522
it: 8.760 31.764 1.24e-05 22.883 34.893 3.066 3.773  18.152 32.140 2.773 3.660  17.500
it: 8.770 31.800 1.23e-05 21.917 34.683 3.063 3.721  17.903 31.136 2.754 3.663  17.540
it: 8.780 31.837 1.22e-05 21.962 33.914 3.029 3.751  17.620 31.200 2.697 3.601  17.522
it: 8.790 31.873 1.21e-05 22.271 34.312 3.031 3.760  17.801 31.158 2.730 3.561  17.531
it: 8.800 31.909 1.20e-05 21.956 34.140 3.040 3.780  17.662 31.459 2.716 3.639  17.507
it: 8.810 31.945 1.19e-05 22.361 34.666 3.099 3.775  17.640 31.426 2.700 3.635  17.546
it: 8.820 31.982 1.18e-05 22.230 34.371 3.012 3.844  17.684 30.894 2.725 3.682  17.561
it: 8.830 32.018 1.17e-05 22.343 33.933 3.056 3.770  17.879 30.791 2.710 3.559  17.493
it: 8.840 32.054 1.16e-05 21.839 34.454 3.069 3.780  17.849 31.743 2.703 3.566  17.488
it: 8.850 32.090 1.15e-05 21.944 34.153 3.048 3.813  17.518 31.141 2.770 3.556  17.508
it: 8.860 32.127 1.14e-05 22.411 35.247 3.030 3.802  17.979 30.820 2.668 3.543  17.508
it: 8.870 32.163 1.13e-05 22.182 34.649 3.033 3.823  17.659 31.132 2.730 3.605  17.522
it: 8.880 32.199 1.12e-05 21.856 33.825 3.019 3.733  17.981 31.369 2.705 3.645  17.507
it: 8.890 32.235 1.11e-05 22.310 34.310 2.996 3.783  17.123 30.964 2.674 3.636  17.474
it: 8.900 32.272 1.10e-05 22.478 34.808 3.049 3.843  17.862 32.051 2.709 3.614  17.493
it: 8.910 32.308 1.09e-05 21.812 35.125 3.030 3.789  17.365 32.156 2.735 3.675  17.510
it: 8.920 32.344 1.08e-05 21.945 33.679 3.036 3.799  17.659 30.979 2.721 3.628  17.467
it: 8.930 32.380 1.07e-05 21.523 34.854 3.041 3.770  17.562 31.158 2.675 3.575  17.474
it: 8.940 32.416 1.06e-05 22.410 35.000 3.027 3.790  17.755 31.257 2.721 3.637  17.421
it: 8.950 32.453 1.05e-05 22.751 34.029 3.067 3.744  18.040 31.399 2.725 3.638  17.513
it: 8.960 32.489 1.04e-05 22.262 34.293 3.029 3.764  17.633 30.985 2.668 3.632  17.478
it: 8.970 32.525 1.03e-05 23.095 34.354 3.079 3.850  17.776 30.844 2.678 3.557  17.425
it: 8.980 32.561 1.02e-05 22.338 34.024 3.073 3.795  17.548 30.248 2.674 3.656  17.466
it: 8.990 32.598 1.01e-05 22.431 34.042 3.035 3.783  18.158 31.246 2.753 3.622  17.429
it: 9.000 32.634 1.00e-05 22.007 34.339 2.995 3.738  17.681 30.955 2.671 3.589  17.431
it: 9.010 32.670 9.90e-06 21.815 34.069 2.973 3.800  17.574 30.758 2.723 3.577  17.476
it: 9.020 32.706 9.80e-06 22.574 34.599 3.050 3.826  17.613 31.347 2.680 3.632  17.507
it: 9.030 32.742 9.70e-06 21.832 34.619 3.007 3.745  17.324 31.363 2.703 3.567  17.425
it: 9.040 32.779 9.60e-06 22.374 34.057 3.055 3.744  17.705 30.206 2.722 3.560  17.392
it: 9.050 32.815 9.50e-06 22.099 35.165 3.040 3.831  17.413 31.864 2.741 3.582  17.464
it: 9.060 32.851 9.40e-06 22.163 34.696 3.047 3.758  17.470 30.767 2.664 3.592  17.459
it: 9.070 32.887 9.30e-06 22.468 33.453 3.073 3.767  17.804 30.692 2.699 3.585  17.438
it: 9.080 32.924 9.20e-06 22.061 35.073 3.031 3.770  17.469 31.205 2.689 3.593  17.434
it: 9.090 32.960 9.10e-06 22.147 34.640 2.979 3.775  17.472 30.712 2.670 3.588  17.466
it: 9.100 32.996 9.00e-06 21.788 34.364 2.938 3.761  17.371 30.453 2.733 3.603  17.413
it: 9.110 33.032 8.90e-06 22.080 33.417 3.003 3.774  17.835 30.720 2.734 3.600  17.414
it: 9.120 33.069 8.80e-06 22.373 33.736 3.023 3.779  17.793 30.675 2.707 3.600  17.453
it: 9.130 33.105 8.70e-06 22.174 33.953 2.998 3.759  17.789 30.880 2.714 3.609  17.415
it: 9.140 33.141 8.60e-06 21.703 34.301 3.001 3.795  17.136 30.641 2.701 3.647  17.399
it: 9.150 33.177 8.50e-06 22.230 34.181 2.991 3.722  17.518 30.565 2.689 3.572  17.399
it: 9.160 33.213 8.40e-06 21.822 34.342 3.038 3.762  17.304 30.632 2.651 3.563  17.452
it: 9.170 33.250 8.30e-06 22.588 34.581 2.983 3.858  18.004 31.117 2.747 3.565  17.367
it: 9.180 33.286 8.20e-06 22.140 34.617 3.026 3.750  17.607 31.203 2.700 3.633  17.401
it: 9.190 33.322 8.10e-06 22.186 34.255 3.021 3.795  17.730 30.469 2.636 3.636  17.435
it: 9.200 33.358 8.00e-06 22.135 34.408 3.054 3.823  17.731 31.569 2.670 3.625  17.389
it: 9.210 33.395 7.90e-06 22.576 34.900 3.019 3.758  17.909 30.770 2.712 3.545  17.385
it: 9.220 33.431 7.80e-06 22.098 33.507 3.028 3.760  17.665 30.551 2.688 3.566  17.383
it: 9.230 33.467 7.70e-06 22.616 34.080 3.065 3.742  17.662 30.790 2.681 3.634  17.397
it: 9.240 33.503 7.60e-06 21.837 34.171 3.056 3.758  17.268 30.920 2.739 3.670  17.361
it: 9.250 33.539 7.50e-06 22.131 34.475 3.030 3.669  17.852 30.767 2.705 3.577  17.369
it: 9.260 33.576 7.40e-06 21.569 34.066 3.007 3.771  17.351 31.042 2.644 3.516  17.381
it: 9.270 33.612 7.30e-06 22.533 34.332 3.054 3.749  18.164 30.992 2.713 3.592  17.393
it: 9.280 33.648 7.20e-06 22.200 34.685 3.027 3.770  17.980 31.529 2.686 3.621  17.362
it: 9.290 33.685 7.10e-06 22.283 34.214 3.057 3.708  17.409 30.783 2.679 3.560  17.345
it: 9.300 33.721 7.00e-06 21.850 33.797 2.960 3.739  17.792 31.377 2.680 3.612  17.370
it: 9.310 33.757 6.90e-06 22.226 34.375 2.928 3.776  17.729 31.311 2.718 3.552  17.347
it: 9.320 33.794 6.80e-06 21.826 34.767 3.038 3.819  16.807 31.368 2.691 3.678  17.321
it: 9.330 33.830 6.70e-06 22.419 34.183 3.032 3.802  17.619 31.254 2.692 3.652  17.338
it: 9.340 33.866 6.60e-06 22.028 33.385 3.056 3.761  17.710 30.699 2.689 3.555  17.336
it: 9.350 33.902 6.50e-06 22.705 34.312 3.027 3.743  17.616 31.033 2.706 3.569  17.356
it: 9.360 33.939 6.40e-06 22.082 34.223 2.984 3.735  17.759 31.170 2.687 3.553  17.350
it: 9.370 33.975 6.30e-06 21.972 33.938 3.015 3.742  17.397 30.022 2.679 3.598  17.283
it: 9.380 34.011 6.20e-06 22.250 33.312 3.027 3.725  17.625 30.084 2.674 3.611  17.347
it: 9.390 34.047 6.10e-06 22.167 34.681 3.033 3.876  17.474 31.284 2.688 3.650  17.317
it: 9.400 34.084 6.00e-06 22.075 35.021 2.985 3.757  17.566 31.228 2.650 3.603  17.344
it: 9.410 34.120 5.90e-06 21.458 33.992 2.957 3.762  17.316 31.333 2.694 3.555  17.371
it: 9.420 34.156 5.80e-06 21.864 34.441 3.011 3.765  17.799 31.032 2.690 3.540  17.326
it: 9.430 34.192 5.70e-06 21.900 34.115 3.009 3.788  18.048 31.460 2.743 3.610  17.317
it: 9.440 34.228 5.60e-06 22.224 34.373 3.042 3.822  17.567 30.620 2.640 3.610  17.303
it: 9.450 34.265 5.50e-06 22.402 33.727 3.018 3.696  17.458 31.306 2.653 3.569  17.339
it: 9.460 34.301 5.40e-06 22.130 33.954 3.044 3.815  17.750 30.627 2.740 3.607  17.309
it: 9.470 34.337 5.30e-06 21.879 34.095 3.080 3.805  17.153 31.196 2.733 3.647  17.327
it: 9.480 34.373 5.20e-06 21.897 33.737 3.056 3.784  17.339 30.501 2.629 3.536  17.273
it: 9.490 34.410 5.10e-06 22.073 34.481 3.088 3.750  17.846 31.014 2.716 3.640  17.302
it: 9.500 34.446 5.00e-06 22.097 34.649 3.022 3.796  17.568 31.058 2.690 3.582  17.347
it: 9.510 34.482 4.90e-06 22.260 34.585 2.986 3.777  17.487 31.118 2.651 3.565  17.340
it: 9.520 34.518 4.80e-06 22.118 33.820 2.943 3.753  17.829 30.864 2.715 3.567  17.332
it: 9.530 34.555 4.70e-06 22.561 34.286 3.058 3.817  17.594 30.876 2.777 3.574  17.294
it: 9.540 34.591 4.60e-06 22.158 33.748 2.982 3.784  17.263 30.202 2.660 3.605  17.272
it: 9.550 34.627 4.50e-06 22.301 34.599 3.004 3.767  17.459 31.749 2.661 3.606  17.307
it: 9.560 34.663 4.40e-06 21.834 33.544 3.011 3.813  17.910 30.693 2.657 3.610  17.280
it: 9.570 34.700 4.30e-06 22.036 34.984 3.035 3.821  17.614 30.850 2.709 3.596  17.295
it: 9.580 34.736 4.20e-06 22.064 34.911 3.021 3.745  17.338 30.873 2.673 3.551  17.287
it: 9.590 34.772 4.10e-06 22.473 34.317 2.973 3.771  17.974 30.818 2.629 3.614  17.282
it: 9.600 34.809 4.00e-06 21.994 33.599 3.013 3.740  17.478 30.480 2.710 3.631  17.330
it: 9.610 34.845 3.90e-06 22.364 34.296 3.011 3.669  17.778 30.332 2.661 3.494  17.275
it: 9.620 34.881 3.80e-06 21.957 34.381 3.029 3.755  17.124 31.168 2.679 3.569  17.296
it: 9.630 34.917 3.70e-06 21.674 35.387 2.996 3.828  17.310 31.324 2.654 3.653  17.268
it: 9.640 34.954 3.60e-06 21.794 34.364 2.997 3.805  17.541 30.781 2.710 3.560  17.270
it: 9.650 34.990 3.50e-06 22.053 34.557 2.983 3.743  17.420 31.383 2.657 3.575  17.245
it: 9.660 35.026 3.40e-06 22.058 34.222 3.016 3.773  17.293 30.999 2.724 3.590  17.220
it: 9.670 35.062 3.30e-06 22.552 34.339 3.021 3.775  17.632 31.085 2.703 3.631  17.271
it: 9.680 35.098 3.20e-06 22.224 34.387 3.068 3.820  17.751 30.692 2.717 3.567  17.251
it: 9.690 35.135 3.10e-06 22.079 34.603 3.008 3.789  17.162 30.394 2.689 3.558  17.232
it: 9.700 35.171 3.00e-06 22.528 34.374 2.998 3.700  17.450 30.660 2.676 3.588  17.268
it: 9.710 35.207 2.90e-06 21.775 34.709 3.003 3.806  17.472 31.456 2.665 3.559  17.222
it: 9.720 35.243 2.80e-06 22.254 34.380 3.058 3.730  17.547 31.173 2.700 3.639  17.244
it: 9.730 35.280 2.70e-06 21.970 34.092 3.060 3.780  17.345 30.641 2.657 3.611  17.238
it: 9.740 35.316 2.60e-06 22.041 34.472 3.022 3.807  17.330 30.355 2.649 3.598  17.253
it: 9.750 35.352 2.50e-06 22.323 34.446 3.081 3.792  17.539 31.196 2.711 3.645  17.212
it: 9.760 35.388 2.40e-06 22.810 35.427 3.033 3.746  17.728 31.494 2.695 3.625  17.248
it: 9.770 35.424 2.30e-06 21.844 33.268 2.999 3.808  17.298 30.746 2.653 3.543  17.178
it: 9.780 35.461 2.20e-06 22.040 34.513 3.023 3.777  17.710 31.332 2.699 3.600  17.215
it: 9.790 35.497 2.10e-06 22.116 35.218 3.012 3.759  17.671 36.561 2.635 3.574  17.234
it: 9.800 35.533 2.00e-06 21.876 34.039 2.986 3.754  17.379 30.820 2.668 3.535  17.163
it: 9.810 35.569 1.90e-06 21.721 34.954 3.002 3.769  17.040 30.810 2.707 3.604  17.241
it: 9.820 35.606 1.80e-06 21.566 34.444 3.031 3.773  17.107 31.743 2.627 3.606  17.193
it: 9.830 35.642 1.70e-06 22.117 34.157 3.015 3.783  17.346 31.270 2.685 3.547  17.181
it: 9.840 35.678 1.60e-06 21.898 35.270 2.983 3.802  17.386 31.978 2.666 3.522  17.201
it: 9.850 35.714 1.50e-06 22.171 34.096 3.058 3.753  17.714 30.905 2.707 3.574  17.219
it: 9.860 35.751 1.40e-06 21.155 34.289 2.979 3.770  17.385 31.019 2.702 3.525  17.151
it: 9.870 35.787 1.30e-06 22.731 33.698 3.040 3.710  17.597 31.102 2.683 3.576  17.199
it: 9.880 35.823 1.20e-06 22.001 34.403 2.967 3.742  17.478 30.692 2.719 3.562  17.189
it: 9.890 35.859 1.10e-06 22.680 34.594 3.009 3.843  17.857 30.501 2.674 3.575  17.170
it: 9.900 35.896 1.00e-06 21.799 34.812 2.994 3.817  17.747 30.062 2.706 3.553  17.202
it: 9.910 35.932 9.00e-07 21.646 34.678 3.007 3.771  16.985 30.415 2.660 3.584  17.189
it: 9.920 35.968 8.00e-07 21.963 33.689 2.994 3.802  17.760 30.335 2.655 3.578  17.161
it: 9.930 36.004 7.00e-07 21.972 34.557 2.974 3.765  17.469 30.637 2.680 3.605  17.130
it: 9.940 36.040 6.00e-07 21.943 34.435 2.988 3.735  17.396 30.994 2.663 3.551  17.243
it: 9.950 36.076 5.00e-07 21.821 33.934 2.978 3.769  17.371 30.503 2.678 3.516  17.149
it: 9.960 36.112 4.00e-07 21.351 33.765 3.040 3.734  17.111 30.275 2.652 3.563  17.189
it: 9.970 36.148 3.00e-07 22.121 33.767 3.025 3.748  17.388 30.824 2.662 3.497  17.158
it: 9.980 36.185 2.00e-07 22.093 34.399 2.966 3.778  17.421 30.817 2.623 3.601  17.179
it: 9.990 36.221 1.00e-07 22.074 33.686 3.054 3.759  17.578 30.453 2.620 3.635  17.179
it: 10.000 36.257 1.30e-17 22.416 34.790 3.066 3.829  17.431 30.930 2.665 3.607  17.190
Config *****   INC_win: 1
Config *****   SIG: 0
Config *****   add_len: 0
Config *****   att: 4
Config *****   batch_size: 100
Config *****   d_lr: 1e-08
Config *****   feature_len: 20
Config *****   loop: 10
Config *****   lr: 0.0001
Config *****   memory_size: 100000
Config *****   multi: 1
Config *****   netFile: office_4
Config *****   nodes_0_base: 256, 32
Config *****   nodes_1_out: 16
Config *****   nodes_2_feature: 16
Config *****   num_output: 3
Config *****   t_scale: 10
Config *****   te3: p_files/office_Test_cv_s3_2.p
Config *****   tr3: p_files/office_Train_cv_s3_2.p
loading /home/weihao/Projects/p_files/office_Test_cv_s3_2.p 0:00:13.959323 23952 23952 234 3.1329927086501987
Reading average file /home/weihao/Projects/my_nets/fc/../../NNs/office_4_fc_avg.p
input attribute 4 LR 0.0001 feature 20 add 0
feature_0 4 16
base_0 48 256
base_1 256 32
out_0 32 16
out 16 3
output 20
2019-05-06 19:05:30.017279: I tensorflow/core/platform/cpu_feature_guard.cc:137] Your CPU supports instructions that this TensorFlow binary was not compiled to use: SSE4.1 SSE4.2 AVX
0 96.21216731476378 6.007553657481244
1 60.486948801866326 4.59731817333334
2 47.34983982308681 4.027283358389701
3 41.116541802053355 3.7556777498494887
4 37.38877290866971 3.6154831231581968
5 34.897505654488754 3.5154589142614623
6 33.092814851644654 3.4358630715316334
7 31.82649455952557 3.373673908264548
8 30.957960455917796 3.320633117130125
9 30.213426607977873 3.2853172806529773
10 29.700614674652385 3.263130368611603
11 29.280019129960106 3.2296363275692035
12 28.952474735744257 3.2053761880683016
13 28.703651020676208 3.187394591606159
14 28.400457225182958 3.1835084574598387
15 28.216691174470878 3.166134636261612
16 28.120065694198086 3.1528302873211347
17 27.974144211633625 3.156866542407462
18 27.853139668167145 3.145002178298056
19 27.857587877541203 3.1362290275118

0 68.97368653705271 5.272333937741326
1 40.67774925825637 3.985106582865152
2 30.976070789426526 3.432702547767268
3 26.523738003892312 3.1892605251425774
4 23.69980255692549 3.0004189483439405
5 21.74027225512593 2.8595290532199957
6 20.17468256082631 2.7456583663327963
7 18.995912073316667 2.6537296490945277
8 17.9670213050552 2.581878260512447
9 17.136576259531854 2.509647855911413
10 16.446350467109013 2.449492281231727
11 15.81341662932672 2.3954092185918414
12 15.309546972607983 2.3517007753101233
13 14.864211538004046 2.3213292611790948
14 14.484160122219087 2.289011846746229
15 14.15668291433749 2.25859435451102
16 13.880482725037577 2.239249723798775
17 13.648342564282522 2.2148196184987494
18 13.468533043543754 2.2014763244961366
19 13.300347395049695 2.187566949558222
