Config *****   INC_win: 1
Config *****   SIG: 0
Config *****   add_len: 0
Config *****   att: 9
Config *****   batch_size: 100
Config *****   d_lr: 1e-07
Config *****   feature_len: 20
Config *****   loop: 10
Config *****   lr: 0.0001
Config *****   memory_size: 100000
Config *****   multi: 10
Config *****   netFile: r2
Config *****   nodes_0_base: 256, 32
Config *****   nodes_1_out: 16
Config *****   nodes_2_feature: 16
Config *****   num_output: 3
Config *****   t_scale: 10
Config *****   te3: p_files/office_Test_cv_s3_2.p
Config *****   tr3: p_files/office_Train_cv_s3_2.p
loading /home/weihao/Projects/p_files/office_Train_cv_s3_2.p 0:00:25.265019 35922 35922 239 2.7427573220863017
Saving averages: /home/weihao/Projects/my_nets/fc/../../NNs/r2_fc_avg.p
0 -0.026311773332219072 0.5252802153126495
1 -0.07074986420046307 0.47161679530041634
2 -0.02651643134014101 0.5246955130375742
3 -0.07081071713864276 0.4713727494583532
4 102.3997252400807 66.90304578351311
5 0.32916105907708926 0.2065357904544598
6 3.262400429447487 1.7800334240451028
7 8.569103592062119 11.295671543220038
8 8.602525079056376 11.285841645728441
loading /home/weihao/Projects/p_files/office_Test_cv_s3_2.p 0:00:16.490138 23952 3629 234 3.1329927086501987
loading /home/weihao/Projects/p_files/office_Train_cv_s3_2.p 0:00:21.870967 35922 3541 239 2.7427573220863017
Reading average file /home/weihao/Projects/my_nets/fc/../../NNs/r2_fc_avg.p
Reading average file /home/weihao/Projects/my_nets/fc/../../NNs/r2_fc_avg.p
Reading average file /home/weihao/Projects/my_nets/fc/../../NNs/r2_fc_avg.p
input attribute 9 LR 0.0001 feature 20 add 0
feature_0 9 16
base_0 48 256
base_1 256 32
out_0 32 16
out 16 3
output 20
2019-04-29 21:14:02.431070: I tensorflow/core/platform/cpu_feature_guard.cc:137] Your CPU supports instructions that this TensorFlow binary was not compiled to use: SSE4.1 SSE4.2 AVX
it: 0.000 0.000 1.00e-04 272.984 311.293 10.208 11.392  272.907 311.295 10.219 11.390  
it: 0.010 0.196 9.90e-05 87.482 114.728 6.426 7.120  87.948 114.555 6.532 7.197  103.346 
it: 0.020 0.390 9.80e-05 44.241 62.525 4.448 4.975  39.755 56.299 4.260 4.777  58.410 
it: 0.030 0.585 9.70e-05 35.914 49.906 4.005 4.465  33.860 45.831 3.929 4.403  36.446 
it: 0.040 0.781 9.60e-05 32.350 45.063 3.715 4.307  29.630 40.446 3.656 4.223  31.972 
it: 0.050 0.977 9.50e-05 32.484 44.245 3.699 4.198  29.406 40.125 3.574 4.157  29.848 
it: 0.060 1.174 9.40e-05 29.464 41.275 3.484 4.135  27.093 38.941 3.378 4.031  28.423 
it: 0.070 1.369 9.30e-05 33.838 46.371 4.105 4.638  33.060 45.069 4.060 4.670  27.253 
it: 0.080 1.566 9.20e-05 28.783 41.151 3.471 4.030  25.721 37.068 3.230 3.894  26.289 
it: 0.090 1.762 9.10e-05 27.638 38.436 3.364 3.931  24.304 36.346 3.138 3.889  25.514 
it: 0.100 1.959 9.00e-05 26.894 39.715 3.327 3.982  23.711 36.094 3.189 3.866  24.843 
it: 0.110 2.156 8.90e-05 27.336 39.791 3.495 4.065  25.645 37.996 3.332 4.026  24.297 
it: 0.120 2.352 8.80e-05 26.646 38.852 3.404 4.016  23.619 36.449 3.164 3.838  23.809 
it: 0.130 2.549 8.70e-05 27.243 37.659 3.366 3.959  23.718 35.392 3.184 3.819  23.373 
it: 0.140 2.746 8.60e-05 25.616 38.177 3.284 3.897  22.511 35.424 3.103 3.792  23.040 
it: 0.150 2.942 8.50e-05 25.214 37.750 3.234 3.867  21.674 34.983 2.930 3.700  22.682 
it: 0.160 3.139 8.40e-05 25.671 37.136 3.298 4.034  22.007 34.971 3.052 3.876  22.385 
it: 0.170 3.335 8.30e-05 25.444 36.669 3.212 3.798  22.602 35.776 3.034 3.736  22.084 
it: 0.180 3.532 8.20e-05 25.092 37.640 3.222 3.893  21.022 36.170 2.950 3.747  21.843 
it: 0.190 3.728 8.10e-05 25.305 36.901 3.225 3.860  21.821 35.065 2.991 3.766  21.592 
it: 0.200 3.925 8.00e-05 24.315 37.076 3.183 3.817  20.637 35.484 2.911 3.726  21.374 
it: 0.210 4.122 7.90e-05 24.588 36.660 3.185 3.845  21.349 34.635 3.003 3.770  21.177 
it: 0.220 4.318 7.80e-05 24.722 37.411 3.236 3.862  21.688 34.808 2.989 3.732  21.001 
it: 0.230 4.514 7.70e-05 24.317 36.517 3.168 3.867  21.093 34.358 2.981 3.750  20.799 
it: 0.240 4.712 7.60e-05 23.967 35.558 3.172 3.771  19.698 33.043 2.880 3.648  20.652 
it: 0.250 4.908 7.50e-05 24.404 35.888 3.198 3.810  20.594 32.869 2.886 3.667  20.486 
it: 0.260 5.105 7.40e-05 24.145 35.886 3.124 3.879  21.000 34.123 2.937 3.782  20.365 
it: 0.270 5.303 7.30e-05 24.780 37.297 3.288 3.916  21.542 35.477 2.987 3.771  20.199 
it: 0.280 5.500 7.20e-05 24.102 35.683 3.092 3.785  20.282 33.509 2.888 3.649  20.099 
it: 0.290 5.697 7.10e-05 23.904 35.556 3.160 3.715  19.866 32.374 2.918 3.649  19.974 
it: 0.300 5.895 7.00e-05 24.803 36.944 3.253 3.886  22.505 36.219 3.003 3.865  19.832 
it: 0.310 6.092 6.90e-05 23.606 35.610 3.149 3.866  19.510 33.193 2.898 3.714  19.743 
it: 0.320 6.289 6.80e-05 23.174 36.725 3.092 3.847  19.394 33.601 2.805 3.676  19.604 
it: 0.330 6.486 6.70e-05 23.677 36.419 3.158 3.871  20.270 33.706 2.894 3.720  19.509 
it: 0.340 6.684 6.60e-05 22.818 35.348 3.101 3.822  19.221 32.916 2.838 3.681  19.391 
it: 0.350 6.881 6.50e-05 23.079 36.259 3.020 3.800  18.883 33.252 2.778 3.607  19.308 
it: 0.360 7.078 6.40e-05 23.472 35.796 3.098 3.875  19.653 33.323 2.895 3.647  19.221 
it: 0.370 7.275 6.30e-05 23.831 35.876 3.210 3.836  20.680 34.165 2.972 3.733  19.100 
it: 0.380 7.473 6.20e-05 23.201 36.345 3.042 3.767  19.479 33.905 2.781 3.631  19.026 
it: 0.390 7.670 6.10e-05 22.584 35.869 3.050 3.815  19.017 33.500 2.772 3.567  18.937 
it: 0.400 7.867 6.00e-05 22.878 35.835 3.042 3.807  18.593 32.746 2.721 3.542  18.856 
it: 0.410 8.065 5.90e-05 23.178 35.307 3.081 3.746  20.274 33.104 2.939 3.673  18.758 
it: 0.420 8.262 5.80e-05 22.514 36.081 3.054 3.835  18.705 33.488 2.786 3.692  18.686 
it: 0.430 8.459 5.70e-05 22.688 34.481 3.048 3.738  18.944 32.093 2.734 3.607  18.618 
it: 0.440 8.656 5.60e-05 22.800 35.546 3.047 3.716  18.904 34.051 2.739 3.678  18.524 
it: 0.450 8.854 5.50e-05 22.596 35.108 3.002 3.767  18.660 32.318 2.762 3.638  18.426 
it: 0.460 9.051 5.40e-05 22.999 36.944 3.105 3.841  19.643 34.059 2.916 3.749  18.347 
it: 0.470 9.248 5.30e-05 22.805 35.074 3.048 3.794  18.615 32.875 2.756 3.706  18.293 
it: 0.480 9.446 5.20e-05 22.367 35.215 3.004 3.677  18.332 32.610 2.708 3.547  18.228 
it: 0.490 9.635 5.10e-05 22.223 35.866 3.011 3.801  18.596 33.134 2.752 3.684  18.152 
it: 0.500 9.832 5.00e-05 22.393 35.691 3.029 3.792  18.169 32.854 2.693 3.598  18.118 
it: 0.510 10.033 4.90e-05 22.670 35.639 3.051 3.798  19.137 33.040 2.851 3.672  18.013 
it: 0.520 10.230 4.80e-05 21.986 34.552 3.058 3.745  18.133 33.263 2.724 3.616  17.946 
it: 0.530 10.427 4.70e-05 22.006 35.298 2.967 3.697  17.885 31.989 2.736 3.493  17.895 
it: 0.540 10.623 4.60e-05 21.251 34.453 2.896 3.768  17.551 32.050 2.680 3.615  17.823 
it: 0.550 10.819 4.50e-05 22.359 35.891 3.010 3.726  18.099 32.809 2.655 3.594  17.765 
it: 0.560 11.013 4.40e-05 21.960 34.648 2.977 3.787  17.848 32.479 2.742 3.593  17.691 
it: 0.570 11.209 4.30e-05 21.929 36.192 3.022 3.802  18.037 32.981 2.732 3.586  17.653 
it: 0.580 11.405 4.20e-05 21.750 35.383 2.991 3.843  17.553 32.201 2.682 3.606  17.614 
it: 0.590 11.601 4.10e-05 22.019 34.927 3.005 3.701  18.694 33.005 2.755 3.582  17.550 
it: 0.600 11.798 4.00e-05 21.906 34.669 2.946 3.686  17.403 32.840 2.679 3.568  17.498 
it: 0.610 11.994 3.90e-05 22.131 35.913 2.944 3.782  17.862 32.308 2.677 3.575  17.449 
it: 0.620 12.190 3.80e-05 21.456 35.229 2.939 3.689  17.044 32.339 2.680 3.534  17.405 
it: 0.630 12.387 3.70e-05 22.645 36.179 3.002 3.745  18.075 33.369 2.669 3.538  17.339 
it: 0.640 12.583 3.60e-05 21.800 35.478 2.951 3.685  17.064 32.243 2.650 3.513  17.300 
it: 0.650 12.779 3.50e-05 21.922 35.555 3.036 3.706  18.233 33.271 2.733 3.593  17.259 
it: 0.660 12.976 3.40e-05 21.579 34.716 2.923 3.769  17.615 32.055 2.630 3.512  17.200 
it: 0.670 13.172 3.30e-05 22.259 34.071 3.001 3.654  17.647 31.570 2.665 3.516  17.157 
it: 0.680 13.369 3.20e-05 21.817 34.704 2.904 3.636  17.206 32.675 2.689 3.538  17.100 
it: 0.690 13.565 3.10e-05 21.795 34.594 2.922 3.745  17.279 31.674 2.597 3.485  17.075 
it: 0.700 13.761 3.00e-05 21.493 34.591 2.940 3.694  17.075 31.819 2.607 3.525  17.033 
it: 0.710 13.958 2.90e-05 21.351 34.088 2.959 3.781  17.786 32.163 2.697 3.606  16.991 
it: 0.720 14.154 2.80e-05 21.335 35.030 2.982 3.712  17.149 31.932 2.648 3.515  16.964 
it: 0.730 14.350 2.70e-05 21.418 34.971 2.926 3.736  17.627 32.975 2.669 3.621  16.922 
it: 0.740 14.547 2.60e-05 21.030 34.788 2.890 3.665  16.936 31.565 2.628 3.552  16.876 
it: 0.750 14.743 2.50e-05 21.208 34.861 2.929 3.698  16.916 31.525 2.593 3.490  16.846 
it: 0.760 14.939 2.40e-05 20.904 34.144 2.922 3.682  16.640 31.138 2.653 3.491  16.808 
it: 0.770 15.136 2.30e-05 21.312 33.378 2.949 3.672  16.419 31.202 2.554 3.445  16.778 
it: 0.780 15.332 2.20e-05 21.431 35.906 2.912 3.615  17.246 32.501 2.613 3.539  16.727 
it: 0.790 15.529 2.10e-05 20.524 33.877 2.902 3.761  16.376 31.063 2.559 3.541  16.696 
it: 0.800 15.726 2.00e-05 21.690 35.438 2.893 3.724  17.963 33.813 2.665 3.558  16.652 
it: 0.810 15.922 1.90e-05 21.655 34.953 2.954 3.703  17.481 32.867 2.686 3.596  16.607 
it: 0.820 16.119 1.80e-05 20.980 34.157 2.871 3.637  16.716 31.295 2.602 3.502  16.584 
it: 0.830 16.315 1.70e-05 20.754 34.547 2.895 3.757  16.605 32.487 2.604 3.533  16.546 
it: 0.840 16.512 1.60e-05 20.869 34.796 2.919 3.683  16.177 32.447 2.562 3.504  16.521 
it: 0.850 16.709 1.50e-05 21.304 34.081 2.919 3.660  16.584 31.345 2.593 3.474  16.490 
it: 0.860 16.905 1.40e-05 21.511 35.062 2.923 3.705  16.553 31.743 2.577 3.475  16.461 
it: 0.870 17.101 1.30e-05 20.671 35.309 2.899 3.759  16.261 32.157 2.574 3.522  16.419 
it: 0.880 17.298 1.20e-05 21.238 34.210 2.939 3.700  16.478 31.140 2.611 3.460  16.397 
it: 0.890 17.494 1.10e-05 20.924 34.226 2.932 3.688  16.765 31.055 2.633 3.448  16.355 
it: 0.900 17.691 1.00e-05 21.070 34.448 2.898 3.662  16.312 31.538 2.563 3.475  16.327 
it: 0.910 17.887 9.00e-06 21.167 34.417 2.876 3.675  16.738 32.038 2.552 3.522  16.300 
it: 0.920 18.084 8.00e-06 21.437 34.043 2.886 3.659  16.730 31.221 2.535 3.447  16.271 
it: 0.930 18.280 7.00e-06 20.432 34.021 2.864 3.605  16.028 30.658 2.535 3.508  16.241 
it: 0.940 18.476 6.00e-06 21.374 34.257 2.901 3.706  16.960 31.438 2.611 3.444  16.214 
it: 0.950 18.673 5.00e-06 21.304 34.608 2.892 3.681  15.837 31.315 2.577 3.466  16.174 
it: 0.960 18.869 4.00e-06 20.999 33.882 2.881 3.634  16.528 31.329 2.574 3.430  16.157 
it: 0.970 19.065 3.00e-06 21.429 34.225 2.940 3.683  16.193 30.988 2.570 3.459  16.125 
it: 0.980 19.261 2.00e-06 21.178 34.699 2.875 3.670  16.659 31.457 2.530 3.485  16.088 
weihao@weihao-XPS-8500:~/Projects/my_nets/fc$ python rnn_2.py te
Config *****   INC_win: 1
Config *****   SIG: 0
Config *****   add_len: 0
Config *****   att: 9
Config *****   batch_size: 100
Config *****   d_lr: 1e-07
Config *****   feature_len: 20
Config *****   loop: 10
Config *****   lr: 0.0001
Config *****   memory_size: 100000
Config *****   multi: 10
Config *****   netFile: r2
Config *****   nodes_0_base: 256, 32
Config *****   nodes_1_out: 16
Config *****   nodes_2_feature: 16
Config *****   num_output: 3
Config *****   t_scale: 10
Config *****   te3: p_files/office_Test_cv_s3_2.p
Config *****   tr3: p_files/office_Train_cv_s3_2.p
loading /home/weihao/Projects/p_files/office_Test_cv_s3_2.p 0:00:14.255521 23952 23952 234 3.1329927086501987
Reading average file /home/weihao/Projects/my_nets/fc/../../NNs/r2_fc_avg.p
input attribute 9 LR 0.0001 feature 20 add 0
feature_0 9 16
base_0 48 256
base_1 256 32
out_0 32 16
out 16 3
output 20
2019-04-30 17:10:15.098938: I tensorflow/core/platform/cpu_feature_guard.cc:137] Your CPU supports instructions that this TensorFlow binary was not compiled to use: SSE4.1 SSE4.2 AVX
0 92.89583231477266 5.949794260148179
1 60.42428040050292 4.690772635743128
2 45.70242486059955 3.9847656906323263
3 39.138833899654024 3.695002465932979
4 35.45892795668534 3.5369717338298265
5 33.073259711555416 3.4176347597772274
6 31.50425950274654 3.348744654227782
7 30.48047979833638 3.288816839566544
8 29.682109479575498 3.2425928728778954
9 29.06086306313906 3.203926056021478
10 28.62553091883016 3.166876651839482
11 28.248462872604694 3.1389758978640243
12 27.91549295047331 3.1131562606315195
13 27.6935564280453 3.107446562603859
14 27.4843412250868 3.0919994313291816
15 27.36141835984023 3.0837630429454572
16 27.152022273080295 3.0771116952580386
17 27.064244748915737 3.073455704193039
18 26.968712430886384 3.0739618881233834
19 26.93158888203189 3.061195560120856
weihao@weihao-XPS-8500:~/Projects/my_nets/fc$ python rnn_2.py tr
Config *****   INC_win: 1
Config *****   SIG: 0
Config *****   add_len: 0
Config *****   att: 9
Config *****   batch_size: 100
Config *****   d_lr: 1e-07
Config *****   feature_len: 20
Config *****   loop: 10
Config *****   lr: 0.0001
Config *****   memory_size: 100000
Config *****   multi: 10
Config *****   netFile: r2
Config *****   nodes_0_base: 256, 32
Config *****   nodes_1_out: 16
Config *****   nodes_2_feature: 16
Config *****   num_output: 3
Config *****   t_scale: 10
Config *****   te3: p_files/office_Test_cv_s3_2.p
Config *****   tr3: p_files/office_Train_cv_s3_2.p
loading /home/weihao/Projects/p_files/office_Train_cv_s3_2.p 0:00:29.066657 35922 35922 239 2.7427573220863017
Reading average file /home/weihao/Projects/my_nets/fc/../../NNs/r2_fc_avg.p
input attribute 9 LR 0.0001 feature 20 add 0
feature_0 9 16
base_0 48 256
base_1 256 32
out_0 32 16
out 16 3
output 20
2019-04-30 17:13:09.727926: I tensorflow/core/platform/cpu_feature_guard.cc:137] Your CPU supports instructions that this TensorFlow binary was not compiled to use: SSE4.1 SSE4.2 AVX
0 66.87541542536763 5.278763938875045
1 41.46414297375116 4.08129660045273
2 30.471359271867268 3.4486326830686975
3 25.696814432403002 3.1340595957671784
4 22.934684533820857 2.9544482195499624
5 20.91159041709944 2.8089983702876253
6 19.336200085371775 2.6836366364525963
7 18.066619871767212 2.5777357666999134
8 16.98606757088519 2.477588039707117
9 16.115328724633816 2.4115409665060388
10 15.363736676567315 2.354451765417501
11 14.74750081660921 2.3096104057340394
12 14.206634528503297 2.255436005457456
13 13.788139505342741 2.227088107586971
14 13.418046835417444 2.192134791414594
15 13.112892706509465 2.1768721421480777
16 12.850532445524003 2.149776712692961
17 12.625146875201366 2.136096417956912
18 12.436758573230085 2.116605248486265
19 12.288558565493522 2.1050085310314866

