Config *****   INC_win: 1
Config *****   SIG: 0
Config *****   add_len: 0
Config *****   att: 4
Config *****   batch_size: 100
Config *****   d_lr: 1e-07
Config *****   feature_len: 20
Config *****   loop: 1
Config *****   lr: 0.0001
Config *****   memory_size: 100000
Config *****   multi: 20
Config *****   netFile: head_4
Config *****   nodes_0_base: 256, 32
Config *****   nodes_1_out: 16
Config *****   nodes_2_feature: 16
Config *****   num_output: 3
Config *****   t_scale: 10
Config *****   te3: p_files/office_Test_cv_s3_2.p
Config *****   tr3: p_files/office_Train_cv_s3_2.p
loading /home/weihao/Projects/p_files/office_Train_cv_s3_2.p 0:00:25.525934 35922 35922 239 2.7427573220863017
Saving averages: /home/weihao/Projects/my_nets/fc/../../NNs/head_4_fc_avg.p
0 -0.026311773332219072 0.5252802153126495
1 -0.07074986420046307 0.47161679530041634
2 -0.02651643134014101 0.5246955130375742
3 -0.07081071713864276 0.4713727494583532
loading /home/weihao/Projects/p_files/office_Test_cv_s3_2.p 0:00:17.441293 23952 3638 234 3.1329927086501987
loading /home/weihao/Projects/p_files/office_Train_cv_s3_2.p 0:00:28.038196 35922 3530 239 2.7427573220863017
Reading average file /home/weihao/Projects/my_nets/fc/../../NNs/head_4_fc_avg.p
Reading average file /home/weihao/Projects/my_nets/fc/../../NNs/head_4_fc_avg.p
Reading average file /home/weihao/Projects/my_nets/fc/../../NNs/head_4_fc_avg.p
input attribute 4 LR 0.0001 feature 20 add 0
feature_0 4 16
base_0 48 256
base_1 256 32
out_0 32 16
out 16 3
output 10
10
11
12
13
14
15
16
17
18
19
2019-05-09 16:42:42.379325: I tensorflow/core/platform/cpu_feature_guard.cc:137] Your CPU supports instructions that this TensorFlow binary was not compiled to use: SSE4.1 SSE4.2 AVX
it: 0.000 0.000 1.00e-04 276.154 312.874 10.337 11.654  276.147 312.875 10.339 11.667  
it: 0.001 0.040 9.99e-05 105.388 131.791 7.074 7.795  107.307 135.852 7.157 7.954  145.405 
it: 0.002 0.080 9.98e-05 96.051 125.993 6.811 7.497  96.341 126.119 6.838 7.546  101.381 
it: 0.003 0.120 9.97e-05 91.516 121.000 6.493 7.470  91.544 121.092 6.537 7.463  96.249 
it: 0.004 0.160 9.96e-05 69.442 92.368 5.667 6.226  69.884 93.162 5.760 6.314  83.314 
it: 0.005 0.200 9.95e-05 69.353 94.042 5.857 6.431  72.274 96.647 5.987 6.667  68.041 
it: 0.006 0.241 9.94e-05 66.702 87.568 5.494 6.114  67.864 88.648 5.600 6.187  63.887 
it: 0.007 0.281 9.93e-05 59.864 82.396 5.229 5.809  58.593 81.068 5.171 5.768  61.329 
it: 0.008 0.321 9.92e-05 58.438 79.365 5.092 5.726  58.155 78.809 5.074 5.760  59.534 
it: 0.009 0.361 9.91e-05 57.512 80.411 5.116 5.721  56.888 79.801 5.066 5.683  58.001 
it: 0.010 0.401 9.90e-05 57.826 81.629 5.025 5.805  58.081 81.040 5.070 5.781  56.884 
it: 0.011 0.441 9.89e-05 58.939 82.006 5.146 5.890  59.969 82.454 5.359 5.969  55.902 
it: 0.012 0.481 9.88e-05 57.062 79.681 5.111 5.745  57.739 80.148 5.298 5.909  55.031 
it: 0.013 0.521 9.87e-05 52.975 75.501 4.807 5.409  52.876 75.920 4.762 5.578  54.127 
it: 0.014 0.561 9.86e-05 47.195 67.140 4.530 5.102  46.546 64.986 4.495 5.170  52.183 
it: 0.015 0.601 9.85e-05 48.469 66.540 4.934 5.443  52.457 68.293 5.324 5.700  43.673 
it: 0.016 0.641 9.84e-05 39.835 53.016 4.178 4.631  38.542 49.474 4.208 4.671  38.609 
it: 0.017 0.681 9.83e-05 36.232 51.167 4.192 4.676  35.819 49.042 4.207 4.745  36.186 
it: 0.018 0.721 9.82e-05 35.860 51.040 4.175 4.644  34.880 47.966 4.078 4.603  34.731 
it: 0.019 0.761 9.81e-05 32.978 47.553 3.940 4.467  32.117 44.721 3.913 4.456  33.674 
it: 0.020 0.801 9.80e-05 35.594 47.622 4.013 4.509  35.269 46.461 3.995 4.555  32.903 
it: 0.021 0.841 9.79e-05 32.101 45.182 3.814 4.366  31.682 43.017 3.814 4.357  32.082 
it: 0.022 0.881 9.78e-05 31.694 43.922 3.781 4.289  30.738 42.101 3.720 4.272  31.453 
it: 0.023 0.921 9.77e-05 31.060 45.031 3.803 4.288  30.540 43.343 3.756 4.216  30.977 
it: 0.024 0.961 9.76e-05 29.512 45.131 3.711 4.272  29.076 42.371 3.681 4.219  30.531 
it: 0.025 1.001 9.75e-05 30.341 44.807 3.630 4.163  29.263 42.025 3.606 4.123  30.178 
it: 0.026 1.041 9.74e-05 29.607 42.186 3.614 4.192  28.421 40.741 3.610 4.148  29.753 
it: 0.027 1.081 9.73e-05 30.589 44.914 3.685 4.273  29.615 42.889 3.633 4.179  29.372 
it: 0.028 1.121 9.72e-05 31.783 45.688 3.838 4.448  30.630 43.376 3.852 4.452  29.081 
it: 0.029 1.161 9.71e-05 29.034 43.369 3.537 4.138  28.057 41.786 3.474 4.182  28.824 
it: 0.030 1.201 9.70e-05 28.458 42.431 3.544 4.211  27.454 40.696 3.519 4.142  28.575 
it: 0.031 1.241 9.69e-05 30.236 44.744 3.681 4.328  29.990 42.761 3.753 4.345  28.289 
it: 0.032 1.281 9.68e-05 27.998 42.590 3.509 4.184  27.487 40.746 3.562 4.214  28.131 
it: 0.033 1.321 9.67e-05 28.298 40.418 3.586 4.061  27.190 39.049 3.453 4.035  27.876 
it: 0.034 1.361 9.66e-05 28.727 42.342 3.628 4.167  28.497 40.645 3.687 4.220  27.634 
it: 0.035 1.401 9.65e-05 27.838 40.748 3.522 4.072  27.085 38.988 3.481 4.028  27.396 
it: 0.036 1.441 9.64e-05 27.038 41.983 3.450 4.118  26.290 40.173 3.407 4.044  27.189 
it: 0.037 1.481 9.63e-05 28.126 40.868 3.540 4.123  27.627 39.334 3.593 4.148  27.001 
it: 0.038 1.521 9.62e-05 28.049 40.624 3.607 4.157  27.300 40.049 3.511 4.185  26.767 
it: 0.039 1.561 9.61e-05 28.586 42.713 3.660 4.239  28.587 41.588 3.733 4.281  26.563 
it: 0.040 1.601 9.60e-05 27.107 40.892 3.387 4.117  25.708 38.524 3.395 4.013  26.391 
it: 0.041 1.642 9.59e-05 26.688 40.429 3.466 4.037  26.004 38.308 3.362 3.988  26.226 
it: 0.042 1.682 9.58e-05 26.153 39.946 3.336 4.017  25.432 37.930 3.360 3.953  25.996 
it: 0.043 1.722 9.57e-05 27.247 41.320 3.518 4.025  26.060 40.334 3.456 4.052  25.836 
it: 0.044 1.762 9.56e-05 26.395 40.473 3.415 4.131  25.724 39.655 3.411 4.148  25.728 
it: 0.045 1.801 9.55e-05 26.875 39.878 3.443 4.014  25.832 38.064 3.391 3.869  25.565 
it: 0.046 1.842 9.54e-05 26.645 39.688 3.470 4.081  26.295 38.058 3.466 4.076  25.415 
it: 0.047 1.882 9.53e-05 25.763 38.853 3.336 4.000  24.448 37.674 3.262 3.906  25.253 
it: 0.048 1.922 9.52e-05 26.490 41.008 3.465 4.076  25.551 38.942 3.424 4.022  25.116 
it: 0.049 1.962 9.51e-05 25.639 38.286 3.378 3.975  24.601 37.168 3.324 4.000  25.005 
it: 0.050 2.002 9.50e-05 25.109 39.368 3.322 3.963  23.669 37.540 3.254 3.878  24.825 
it: 0.051 2.042 9.49e-05 25.748 39.133 3.364 3.974  24.587 38.104 3.317 3.941  24.732 
it: 0.052 2.082 9.48e-05 24.671 38.802 3.338 3.998  23.687 37.179 3.149 3.883  24.598 
it: 0.053 2.122 9.47e-05 25.539 40.062 3.436 4.074  24.933 39.300 3.443 4.094  24.530 
it: 0.054 2.162 9.46e-05 25.518 39.583 3.379 4.010  24.551 38.302 3.310 3.973  24.410 
it: 0.055 2.202 9.45e-05 24.795 38.677 3.256 3.950  23.399 36.674 3.157 3.901  24.232 
it: 0.056 2.242 9.44e-05 25.521 38.689 3.351 4.001  24.429 37.928 3.357 4.008  24.125 
it: 0.057 2.283 9.43e-05 25.467 39.010 3.415 4.045  24.865 38.085 3.356 4.066  24.034 
it: 0.058 2.322 9.42e-05 24.225 37.552 3.229 3.928  23.150 36.070 3.183 3.844  23.933 
it: 0.059 2.362 9.41e-05 25.497 40.396 3.383 4.063  25.141 39.070 3.452 4.109  23.846 
it: 0.060 2.402 9.40e-05 24.379 38.742 3.285 4.005  23.452 37.554 3.198 3.933  23.743 
it: 0.061 2.442 9.39e-05 24.372 38.672 3.341 3.948  23.299 37.132 3.177 3.843  23.687 
it: 0.062 2.482 9.38e-05 25.402 38.295 3.339 3.943  24.793 36.682 3.319 3.933  23.616 
it: 0.063 2.522 9.37e-05 25.174 39.845 3.440 3.992  24.736 38.816 3.350 4.009  23.479 
it: 0.064 2.562 9.36e-05 24.537 36.830 3.288 3.985  23.366 35.819 3.245 3.836  23.365 
it: 0.065 2.602 9.35e-05 24.488 38.050 3.294 3.978  23.586 36.441 3.240 3.994  23.350 
it: 0.066 2.643 9.34e-05 23.194 38.857 3.199 3.901  22.344 36.615 3.143 3.848  23.239 
it: 0.067 2.682 9.33e-05 24.147 37.196 3.201 3.875  22.286 35.670 3.111 3.848  23.206 
it: 0.068 2.722 9.32e-05 23.652 38.470 3.223 3.876  22.464 36.805 3.169 3.850  23.124 
it: 0.069 2.762 9.31e-05 23.608 37.355 3.265 3.934  22.338 35.313 3.150 3.799  23.026 
it: 0.070 2.802 9.30e-05 23.409 37.642 3.133 3.892  22.084 36.446 3.078 3.852  22.977 
it: 0.071 2.842 9.29e-05 25.318 38.707 3.300 4.026  24.180 38.482 3.201 4.001  22.901 
it: 0.072 2.883 9.28e-05 24.047 38.108 3.336 3.952  23.106 36.413 3.153 3.943  22.834 
it: 0.073 2.922 9.27e-05 23.318 37.209 3.251 3.871  22.546 35.327 3.098 3.877  22.751 
it: 0.074 2.962 9.26e-05 23.534 36.600 3.226 3.873  22.602 34.739 3.090 3.843  22.715 
it: 0.075 3.002 9.25e-05 23.181 37.918 3.154 3.907  21.725 36.942 3.119 3.841  22.668 
it: 0.076 3.042 9.24e-05 25.384 37.518 3.436 4.015  24.370 36.584 3.344 3.997  22.570 
it: 0.077 3.082 9.23e-05 22.955 36.645 3.224 3.893  21.560 35.391 3.091 3.880  22.514 
it: 0.078 3.122 9.22e-05 24.483 38.640 3.373 4.091  24.146 37.378 3.344 4.036  22.455 
it: 0.079 3.162 9.21e-05 23.960 37.155 3.279 3.910  22.356 35.395 3.195 3.904  22.408 
it: 0.080 3.202 9.20e-05 23.774 37.399 3.222 3.839  22.562 36.575 3.165 3.880  22.355 
it: 0.081 3.242 9.19e-05 24.455 38.344 3.292 4.020  24.436 37.691 3.344 4.036  22.316 
it: 0.082 3.282 9.18e-05 23.688 37.764 3.227 3.937  22.130 36.632 3.155 3.897  22.176 
it: 0.083 3.322 9.17e-05 22.775 38.073 3.197 3.965  22.122 37.358 3.166 3.939  22.172 
it: 0.084 3.362 9.16e-05 23.712 36.885 3.273 3.867  22.677 35.764 3.183 3.887  22.091 
it: 0.085 3.400 9.15e-05 22.689 36.931 3.170 3.894  21.311 35.660 3.122 3.750  22.090 
it: 0.086 3.429 9.14e-05 22.069 35.946 3.143 3.800  20.994 34.786 3.080 3.811  22.050 
it: 0.087 3.464 9.13e-05 23.592 36.315 3.182 3.888  21.535 35.233 3.059 3.789  21.965 
it: 0.088 3.504 9.12e-05 22.444 36.763 3.138 3.863  21.161 35.794 3.032 3.788  21.867 
it: 0.089 3.544 9.11e-05 24.807 39.328 3.376 4.017  24.194 39.378 3.379 4.058  21.840 
it: 0.090 3.584 9.10e-05 22.912 37.265 3.113 3.921  21.427 36.385 3.066 3.776  21.793 
it: 0.091 3.622 9.09e-05 23.383 37.177 3.240 3.958  22.478 37.024 3.166 3.957  21.788 
it: 0.092 3.652 9.08e-05 22.054 35.406 3.130 3.801  20.661 34.545 3.090 3.762  21.746 
it: 0.093 3.686 9.07e-05 24.785 38.987 3.366 4.057  23.864 38.455 3.353 4.029  21.694 
it: 0.094 3.726 9.06e-05 22.205 36.932 3.112 3.807  20.990 36.183 3.046 3.753  21.616 
it: 0.095 3.766 9.05e-05 22.678 36.810 3.198 3.848  21.389 35.709 3.103 3.860  21.607 
it: 0.096 3.800 9.04e-05 22.427 36.728 3.177 3.808  21.230 35.681 3.094 3.793  21.480 
it: 0.097 3.829 9.03e-05 22.464 38.260 3.133 3.890  21.209 36.531 3.108 3.857  21.488 
it: 0.098 3.858 9.02e-05 23.058 36.585 3.187 3.886  21.775 35.280 3.111 3.850  21.458 
it: 0.099 3.897 9.01e-05 22.841 37.432 3.207 3.951  22.042 35.860 3.248 3.929  21.422 
it: 0.100 3.929 9.00e-05 24.653 39.060 3.402 4.042  23.811 38.280 3.342 4.018  21.370 
it: 0.101 3.958 8.99e-05 23.193 37.997 3.159 3.937  22.373 36.932 3.167 3.911  21.293 
it: 0.102 3.987 8.98e-05 22.069 35.610 3.082 3.772  20.391 34.347 2.999 3.716  21.320 
it: 0.103 4.025 8.97e-05 23.411 36.342 3.249 3.972  22.239 35.340 3.221 3.895  21.268 
it: 0.104 4.056 8.96e-05 22.300 36.867 3.209 3.904  21.146 35.431 3.075 3.846  21.189 
it: 0.105 4.091 8.95e-05 22.608 36.178 3.201 3.882  21.405 34.851 3.162 3.877  21.184 
it: 0.106 4.128 8.94e-05 21.849 36.234 3.069 3.857  20.444 34.560 2.959 3.746  21.124 
it: 0.107 4.167 8.93e-05 24.089 38.724 3.273 3.999  23.484 38.636 3.273 3.971  21.085 
it: 0.108 4.206 8.92e-05 21.675 35.284 3.126 3.803  20.498 33.856 3.069 3.735  21.082 
it: 0.109 4.244 8.91e-05 21.237 37.352 3.028 3.779  20.097 35.195 2.963 3.714  21.086 
it: 0.110 4.283 8.90e-05 22.296 35.876 3.130 3.835  21.002 34.442 3.035 3.736  20.972 
it: 0.111 4.322 8.89e-05 22.366 34.992 3.157 3.913  20.911 34.249 3.049 3.807  20.942 
it: 0.112 4.361 8.88e-05 22.707 36.287 3.167 3.865  21.789 35.351 3.069 3.814  20.933 
it: 0.113 4.400 8.87e-05 22.162 36.866 3.125 3.905  21.241 35.476 3.089 3.903  20.885 
it: 0.114 4.439 8.86e-05 22.660 36.109 3.159 3.830  21.602 35.497 3.141 3.846  20.840 
it: 0.115 4.477 8.85e-05 22.449 36.620 3.173 3.985  21.285 35.986 3.104 3.894  20.811 
it: 0.116 4.516 8.84e-05 22.802 37.762 3.162 3.999  21.668 37.014 3.237 4.006  20.810 
it: 0.117 4.555 8.83e-05 20.989 35.828 3.052 3.800  19.756 34.556 2.898 3.745  20.754 
it: 0.118 4.594 8.82e-05 22.161 36.623 3.095 3.960  20.539 35.126 3.067 3.898  20.683 
it: 0.119 4.633 8.81e-05 22.005 36.931 3.093 3.850  20.748 36.043 3.066 3.849  20.688 
it: 0.120 4.668 8.80e-05 21.361 35.604 3.064 3.805  20.251 34.690 3.015 3.754  20.572 
it: 0.121 4.698 8.79e-05 21.804 35.505 3.059 3.788  20.103 34.471 2.912 3.735  20.615 
it: 0.122 4.736 8.78e-05 22.629 34.926 3.172 3.924  21.276 34.391 3.098 3.872  20.585 
it: 0.123 4.775 8.77e-05 21.057 35.456 3.042 3.739  19.781 35.079 3.102 3.768  20.521 
it: 0.124 4.814 8.76e-05 22.543 37.310 3.165 3.916  21.445 36.198 3.158 3.900  20.489 
it: 0.125 4.853 8.75e-05 21.858 36.595 3.146 3.856  20.657 36.440 3.042 3.850  20.447 
it: 0.126 4.892 8.74e-05 21.478 35.851 3.087 3.811  19.729 35.080 3.001 3.770  20.427 
it: 0.127 4.931 8.73e-05 22.000 36.529 3.152 3.881  20.533 35.466 2.996 3.763  20.374 
it: 0.128 4.970 8.72e-05 22.893 37.346 3.201 3.954  21.876 36.933 3.165 3.927  20.386 
it: 0.129 5.009 8.71e-05 21.676 36.859 3.149 3.892  20.247 35.877 3.054 3.845  20.333 
it: 0.130 5.048 8.70e-05 21.818 35.756 3.116 3.852  20.577 34.909 3.010 3.820  20.314 
it: 0.131 5.087 8.69e-05 21.721 38.209 3.109 3.911  20.824 37.510 3.076 3.904  20.299 
it: 0.132 5.126 8.68e-05 21.236 35.913 3.042 3.823  19.992 34.922 3.006 3.786  20.308 
it: 0.133 5.165 8.67e-05 21.481 35.144 3.059 3.862  20.002 33.443 2.989 3.776  20.192 
it: 0.134 5.205 8.66e-05 21.623 34.394 3.108 3.770  19.786 33.021 3.008 3.696  20.272 
it: 0.135 5.244 8.65e-05 20.921 34.921 2.951 3.805  19.165 33.989 2.843 3.700  20.183 
it: 0.136 5.284 8.64e-05 21.311 35.543 3.100 3.738  19.606 33.853 2.963 3.735  20.128 
it: 0.137 5.323 8.63e-05 20.959 34.438 3.055 3.756  19.637 34.091 2.928 3.722  20.145 
it: 0.138 5.363 8.62e-05 21.411 36.521 3.118 3.893  19.356 35.260 2.973 3.854  20.067 
it: 0.139 5.403 8.61e-05 21.082 35.677 2.974 3.781  19.568 34.647 2.916 3.690  20.041 
it: 0.140 5.442 8.60e-05 21.274 36.533 3.050 3.914  20.101 35.983 2.983 3.852  20.013 
it: 0.141 5.481 8.59e-05 21.594 36.606 3.105 3.831  20.761 35.453 3.074 3.861  20.007 
it: 0.142 5.520 8.58e-05 22.007 36.571 3.176 3.911  20.583 35.620 3.057 3.836  19.995 
it: 0.143 5.559 8.57e-05 20.927 36.493 3.035 3.854  19.810 35.089 2.953 3.809  19.958 
it: 0.144 5.598 8.56e-05 21.515 35.563 3.066 3.839  19.742 33.920 2.930 3.759  19.946 
it: 0.145 5.637 8.55e-05 21.591 35.270 3.121 3.864  20.086 34.537 3.011 3.809  19.932 
it: 0.146 5.676 8.54e-05 22.189 37.683 3.147 3.979  21.502 37.340 3.149 3.991  19.840 
it: 0.147 5.715 8.53e-05 21.637 34.690 3.082 3.814  20.274 34.099 3.038 3.771  19.804 
it: 0.148 5.755 8.52e-05 21.200 36.849 3.057 3.869  20.181 36.482 3.036 3.787  19.853 
it: 0.149 5.794 8.51e-05 20.478 35.635 3.012 3.870  18.825 34.471 2.912 3.821  19.789 
it: 0.150 5.834 8.50e-05 20.674 35.891 2.992 3.779  18.897 34.182 2.882 3.723  19.783 
it: 0.151 5.874 8.49e-05 20.482 35.479 2.988 3.783  19.048 34.173 2.866 3.718  19.786 
it: 0.152 5.913 8.48e-05 20.766 34.702 3.010 3.737  19.250 33.505 2.927 3.680  19.770 
it: 0.153 5.953 8.47e-05 20.962 34.518 3.019 3.784  19.625 33.010 2.913 3.690  19.723 
it: 0.154 5.992 8.46e-05 21.422 36.698 3.059 3.764  19.815 35.080 3.001 3.733  19.682 
it: 0.155 6.033 8.45e-05 20.764 35.648 2.999 3.802  19.050 34.607 2.845 3.715  19.656 
it: 0.156 6.073 8.44e-05 21.037 35.956 3.076 3.813  19.391 34.666 2.961 3.762  19.635 
it: 0.157 6.113 8.43e-05 20.849 35.342 3.060 3.785  19.786 34.432 3.027 3.779  19.633 
it: 0.158 6.153 8.42e-05 22.303 35.943 3.089 3.849  20.672 34.676 2.997 3.770  19.622 
it: 0.159 6.193 8.41e-05 21.086 34.760 3.008 3.825  20.103 34.864 2.913 3.767  19.593 
it: 0.160 6.234 8.40e-05 20.803 35.910 3.054 3.695  19.650 34.172 2.985 3.740  19.570 
it: 0.161 6.274 8.39e-05 20.654 36.146 3.029 3.806  19.060 34.476 2.866 3.725  19.522 
it: 0.162 6.314 8.38e-05 20.503 35.268 3.026 3.736  18.803 34.220 2.837 3.699  19.515 
it: 0.163 6.354 8.37e-05 20.495 35.263 2.998 3.803  18.931 33.895 2.909 3.698  19.492 
it: 0.164 6.394 8.36e-05 19.989 35.274 2.914 3.708  18.274 33.474 2.800 3.661  19.437 
it: 0.165 6.434 8.35e-05 20.815 35.480 3.046 3.751  19.081 34.390 2.944 3.729  19.421 
it: 0.166 6.474 8.34e-05 21.565 35.250 3.098 3.778  20.537 34.728 3.057 3.779  19.405 
it: 0.167 6.514 8.33e-05 21.752 37.148 3.155 3.989  20.638 37.416 3.124 4.020  19.355 
it: 0.168 6.555 8.32e-05 20.731 35.968 3.016 3.767  19.367 35.335 2.938 3.795  19.342 
it: 0.169 6.595 8.31e-05 20.945 35.471 2.947 3.768  19.608 33.982 2.874 3.748  19.351 
it: 0.170 6.635 8.30e-05 20.705 34.822 2.985 3.752  18.837 34.363 2.904 3.712  19.314 
it: 0.171 6.675 8.29e-05 20.476 35.530 2.931 3.746  18.899 34.613 2.831 3.710  19.372 
it: 0.172 6.715 8.28e-05 19.624 35.202 2.959 3.726  18.081 34.030 2.813 3.642  19.280 
it: 0.173 6.755 8.27e-05 20.424 34.748 2.994 3.797  19.311 34.483 2.904 3.733  19.250 
it: 0.174 6.795 8.26e-05 20.927 34.695 3.006 3.736  19.204 33.573 2.946 3.636  19.239 
it: 0.175 6.835 8.25e-05 19.996 35.330 2.917 3.780  18.672 34.434 2.833 3.743  19.215 
it: 0.176 6.876 8.24e-05 21.278 34.459 3.038 3.749  19.387 33.608 2.946 3.638  19.248 
it: 0.177 6.916 8.23e-05 20.281 36.507 2.994 3.831  18.762 35.328 2.883 3.781  19.172 
it: 0.178 6.956 8.22e-05 20.303 35.305 2.946 3.756  18.539 33.971 2.880 3.703  19.179 
it: 0.179 6.996 8.21e-05 20.898 36.677 2.963 3.787  18.925 35.935 2.896 3.778  19.147 
it: 0.180 7.036 8.20e-05 20.384 35.387 2.910 3.752  18.264 34.208 2.776 3.704  19.132 
it: 0.181 7.076 8.19e-05 20.167 35.745 2.969 3.791  18.941 34.807 2.903 3.715  19.109 
it: 0.182 7.117 8.18e-05 22.270 36.450 3.177 3.911  21.330 35.881 3.124 3.945  19.060 
it: 0.183 7.157 8.17e-05 19.792 34.761 2.891 3.789  18.235 33.973 2.864 3.712  19.064 
it: 0.184 7.197 8.16e-05 20.760 34.626 2.999 3.748  19.162 33.310 2.959 3.712  19.045 
it: 0.185 7.237 8.15e-05 20.784 34.671 3.040 3.758  19.178 33.918 2.897 3.733  19.007 
it: 0.186 7.277 8.14e-05 20.632 36.371 3.036 3.824  19.666 35.284 3.023 3.818  19.008 
it: 0.187 7.317 8.13e-05 20.434 36.214 2.987 3.837  19.360 35.147 2.892 3.889  19.014 
it: 0.188 7.357 8.12e-05 21.565 36.267 3.089 3.930  20.683 36.323 3.037 3.905  18.981 
it: 0.189 7.395 8.11e-05 19.806 34.583 2.903 3.713  18.722 33.264 2.850 3.664  18.980 
it: 0.190 7.435 8.10e-05 20.045 34.155 2.948 3.682  18.427 33.304 2.822 3.667  18.969 
it: 0.191 7.476 8.09e-05 23.047 38.397 3.263 4.006  22.206 39.722 3.197 4.053  18.952 
it: 0.192 7.516 8.08e-05 20.144 35.826 2.959 3.717  19.056 35.417 2.860 3.710  18.890 
it: 0.193 7.556 8.07e-05 20.462 34.816 3.000 3.797  19.269 34.126 2.945 3.745  18.852 
it: 0.194 7.596 8.06e-05 21.039 36.400 3.027 3.767  19.306 35.295 2.982 3.728  18.827 
it: 0.195 7.636 8.05e-05 21.130 36.965 3.061 3.883  20.198 35.890 3.034 3.833  18.845 
it: 0.196 7.676 8.04e-05 20.029 35.225 2.960 3.725  18.401 33.707 2.859 3.681  18.821 
it: 0.197 7.717 8.03e-05 19.805 34.544 3.010 3.815  18.225 33.670 2.854 3.727  18.824 
it: 0.198 7.757 8.02e-05 20.148 33.974 2.959 3.739  18.621 33.558 2.899 3.673  18.815 
it: 0.199 7.797 8.01e-05 19.856 34.748 2.942 3.797  18.673 34.135 2.900 3.726  18.824 
it: 0.200 7.837 8.00e-05 19.397 34.854 2.871 3.773  17.848 32.909 2.766 3.617  18.765 
it: 0.201 7.877 7.99e-05 20.625 34.968 3.071 3.870  19.258 34.406 2.962 3.771  18.712 
it: 0.202 7.917 7.98e-05 20.227 35.443 2.996 3.773  18.508 34.309 2.866 3.730  18.740 
it: 0.203 7.957 7.97e-05 19.750 34.677 2.939 3.723  18.727 33.576 2.816 3.674  18.661 
it: 0.204 7.998 7.96e-05 19.961 34.098 2.923 3.770  18.410 33.102 2.793 3.695  18.691 
it: 0.205 8.038 7.95e-05 20.093 35.305 2.969 3.748  18.805 34.845 2.919 3.738  18.693 
it: 0.206 8.078 7.94e-05 19.530 35.024 2.908 3.709  18.270 33.412 2.779 3.704  18.641 
it: 0.207 8.118 7.93e-05 19.515 35.881 2.960 3.837  17.814 34.386 2.888 3.767  18.637 
it: 0.208 8.158 7.92e-05 20.331 34.817 2.954 3.764  18.693 33.764 2.862 3.695  18.620 
it: 0.209 8.198 7.91e-05 21.083 34.857 3.042 3.815  19.741 34.327 2.995 3.737  18.639 
it: 0.210 8.238 7.90e-05 20.230 34.553 2.969 3.723  18.964 33.409 2.906 3.674  18.601 
it: 0.211 8.279 7.89e-05 19.904 34.628 2.931 3.762  18.945 33.945 2.832 3.650  18.617 
it: 0.212 8.319 7.88e-05 20.024 34.988 2.990 3.700  18.553 34.143 2.854 3.726  18.536 
it: 0.213 8.359 7.87e-05 19.689 35.016 2.922 3.704  17.964 33.354 2.842 3.654  18.556 
it: 0.214 8.399 7.86e-05 20.272 34.861 2.957 3.750  18.656 34.389 2.856 3.760  18.538 
it: 0.215 8.439 7.85e-05 20.542 35.488 2.954 3.801  19.063 35.082 2.916 3.717  18.532 
it: 0.216 8.480 7.84e-05 21.614 37.476 3.118 3.876  20.302 35.957 3.035 3.844  18.549 
it: 0.217 8.520 7.83e-05 20.282 35.129 2.980 3.739  18.657 34.213 2.873 3.750  18.482 
it: 0.218 8.560 7.82e-05 19.480 35.159 2.880 3.721  18.120 33.904 2.765 3.683  18.460 
it: 0.219 8.600 7.81e-05 19.170 34.361 2.870 3.722  17.688 33.369 2.825 3.668  18.445 
it: 0.220 8.640 7.80e-05 19.506 36.216 2.866 3.745  18.019 34.670 2.791 3.707  18.453 
it: 0.221 8.680 7.79e-05 20.169 34.981 2.940 3.742  18.045 34.149 2.782 3.685  18.413 
it: 0.222 8.721 7.78e-05 19.433 34.064 2.827 3.684  17.839 33.925 2.778 3.663  18.397 
it: 0.223 8.761 7.77e-05 19.895 35.712 2.907 3.777  18.157 34.573 2.856 3.759  18.409 
it: 0.224 8.801 7.76e-05 19.612 34.575 2.899 3.758  18.302 33.958 2.856 3.734  18.402 
it: 0.225 8.841 7.75e-05 20.012 34.798 2.946 3.753  18.660 33.845 2.853 3.679  18.377 
it: 0.226 8.881 7.74e-05 19.060 35.269 2.930 3.795  17.998 33.868 2.828 3.682  18.367 
it: 0.227 8.921 7.73e-05 19.494 33.611 2.911 3.693  17.824 32.886 2.809 3.664  18.351 
it: 0.228 8.962 7.72e-05 20.059 34.652 2.951 3.705  18.684 33.496 2.848 3.690  18.362 
it: 0.229 9.002 7.71e-05 19.182 35.012 2.857 3.681  17.579 33.357 2.743 3.658  18.314 
it: 0.230 9.042 7.70e-05 19.592 34.495 2.940 3.721  18.181 34.273 2.871 3.680  18.280 
it: 0.231 9.082 7.69e-05 20.278 35.701 3.021 3.870  19.196 35.246 2.934 3.772  18.266 
it: 0.232 9.122 7.68e-05 18.813 35.124 2.869 3.738  17.401 33.115 2.777 3.636  18.265 
it: 0.233 9.162 7.67e-05 19.847 35.479 2.913 3.740  18.194 33.434 2.854 3.671  18.205 
it: 0.234 9.203 7.66e-05 19.437 36.158 2.885 3.775  17.896 34.618 2.790 3.711  18.259 
it: 0.235 9.243 7.65e-05 19.399 34.588 2.934 3.733  17.588 33.432 2.762 3.633  18.220 
it: 0.236 9.283 7.64e-05 19.305 35.190 2.963 3.806  17.959 34.097 2.863 3.745  18.175 
it: 0.237 9.323 7.63e-05 19.371 34.716 2.936 3.784  17.926 33.376 2.851 3.786  18.196 
it: 0.238 9.363 7.62e-05 19.195 34.268 2.837 3.759  17.360 33.073 2.728 3.673  18.163 
it: 0.239 9.404 7.61e-05 18.940 35.144 2.862 3.696  17.340 34.004 2.806 3.667  18.144 
it: 0.240 9.444 7.60e-05 19.256 35.079 2.864 3.747  17.878 34.973 2.832 3.791  18.114 
it: 0.241 9.484 7.59e-05 19.641 34.054 2.955 3.701  18.110 32.824 2.797 3.671  18.163 
it: 0.242 9.524 7.58e-05 19.153 35.282 2.943 3.757  18.031 34.455 2.823 3.681  18.113 
it: 0.243 9.564 7.57e-05 19.884 35.563 2.917 3.808  18.670 35.079 2.846 3.762  18.107 
it: 0.244 9.604 7.56e-05 19.535 34.708 2.850 3.686  17.945 33.899 2.774 3.674  18.127 
it: 0.245 9.645 7.55e-05 19.226 34.687 3.008 3.882  18.280 33.671 2.880 3.780  18.075 
it: 0.246 9.685 7.54e-05 19.113 35.222 2.885 3.828  17.617 33.583 2.810 3.667  18.047 
it: 0.247 9.725 7.53e-05 19.823 34.494 2.955 3.748  18.474 33.926 2.841 3.708  18.031 
it: 0.248 9.765 7.52e-05 19.538 36.046 2.897 3.821  17.916 34.846 2.806 3.736  18.042 
it: 0.249 9.805 7.51e-05 20.060 37.471 3.032 3.799  18.889 35.761 2.897 3.782  17.997 
it: 0.250 9.845 7.50e-05 19.067 35.487 2.887 3.735  17.797 34.371 2.767 3.682  17.991 
it: 0.251 9.886 7.49e-05 19.633 35.361 2.970 3.759  18.300 34.586 2.848 3.708  18.022 
it: 0.252 9.926 7.48e-05 20.419 36.272 3.096 3.842  19.627 36.173 3.048 3.868  17.976 
it: 0.253 9.966 7.47e-05 19.757 34.658 2.854 3.673  18.364 33.346 2.766 3.605  17.986 
it: 0.254 10.006 7.46e-05 19.244 33.989 2.842 3.713  17.710 32.880 2.822 3.654  17.954 
it: 0.255 10.046 7.45e-05 19.527 34.354 2.954 3.818  18.248 33.772 2.842 3.761  17.956 
it: 0.256 10.086 7.44e-05 18.951 34.858 2.835 3.720  17.052 33.298 2.721 3.629  17.925 
it: 0.257 10.127 7.43e-05 19.709 35.281 2.923 3.763  18.174 34.281 2.826 3.709  17.867 
it: 0.258 10.167 7.42e-05 20.524 35.626 2.994 3.803  19.235 34.392 2.911 3.762  17.884 
it: 0.259 10.207 7.41e-05 19.752 35.279 2.954 3.776  18.606 34.398 2.847 3.798  17.898 
it: 0.260 10.247 7.40e-05 19.603 35.294 2.867 3.781  18.448 33.859 2.807 3.731  17.905 
it: 0.261 10.287 7.39e-05 19.539 33.817 2.848 3.693  17.810 33.022 2.764 3.671  17.894 
it: 0.262 10.327 7.38e-05 18.737 35.985 2.904 3.773  17.493 34.880 2.796 3.719  17.810 
it: 0.263 10.365 7.37e-05 19.815 33.927 2.942 3.749  18.142 33.797 2.840 3.659  17.853 
it: 0.264 10.405 7.36e-05 19.129 34.647 2.882 3.742  17.077 33.853 2.776 3.650  17.818 
it: 0.265 10.445 7.35e-05 20.599 35.017 2.991 3.845  19.093 34.550 2.933 3.769  17.760 
it: 0.266 10.486 7.34e-05 19.127 33.747 2.912 3.745  17.922 33.172 2.816 3.662  17.757 
it: 0.267 10.526 7.33e-05 19.126 35.010 2.854 3.726  17.386 33.525 2.714 3.646  17.789 
it: 0.268 10.566 7.32e-05 18.813 34.146 2.905 3.708  17.491 32.971 2.752 3.640  17.757 
it: 0.269 10.606 7.31e-05 19.222 35.314 2.931 3.775  17.693 34.698 2.874 3.654  17.781 
it: 0.270 10.646 7.30e-05 19.036 35.032 2.821 3.686  17.782 34.028 2.753 3.641  17.782 
it: 0.271 10.686 7.29e-05 19.249 34.773 2.911 3.727  18.120 34.338 2.785 3.709  17.704 
it: 0.272 10.726 7.28e-05 19.714 34.163 2.913 3.786  18.232 33.039 2.865 3.724  17.735 
it: 0.273 10.767 7.27e-05 18.403 34.805 2.862 3.773  17.218 33.840 2.766 3.752  17.715 
it: 0.274 10.807 7.26e-05 18.651 33.707 2.881 3.663  17.133 32.869 2.657 3.641  17.732 
it: 0.275 10.847 7.25e-05 20.289 35.440 3.030 3.798  18.480 35.730 2.857 3.776  17.682 
it: 0.276 10.887 7.24e-05 18.249 33.780 2.799 3.627  16.619 32.429 2.692 3.615  17.670 
it: 0.277 10.927 7.23e-05 19.040 35.798 2.906 3.707  17.786 35.384 2.866 3.710  17.647 
it: 0.278 10.967 7.22e-05 18.929 35.047 2.877 3.716  17.457 34.105 2.712 3.636  17.644 
it: 0.279 11.008 7.21e-05 18.612 34.847 2.845 3.700  17.066 33.894 2.772 3.706  17.578 
it: 0.280 11.048 7.20e-05 18.956 34.639 2.873 3.714  17.400 33.464 2.737 3.635  17.634 
it: 0.281 11.088 7.19e-05 19.080 36.189 2.822 3.816  17.353 34.540 2.681 3.741  17.601 
it: 0.282 11.128 7.18e-05 18.836 33.841 2.871 3.711  17.001 32.840 2.751 3.666  17.592 
it: 0.283 11.168 7.17e-05 18.492 35.356 2.822 3.704  17.136 34.020 2.726 3.689  17.536 
it: 0.284 11.208 7.16e-05 19.465 35.889 2.975 3.858  18.321 35.537 2.907 3.765  17.548 
it: 0.285 11.249 7.15e-05 19.219 35.147 2.914 3.755  17.882 35.344 2.807 3.735  17.559 
it: 0.286 11.289 7.14e-05 19.409 34.675 2.945 3.789  17.518 33.254 2.782 3.700  17.526 
it: 0.287 11.329 7.13e-05 19.998 34.784 2.963 3.761  18.342 34.495 2.908 3.807  17.547 
it: 0.288 11.369 7.12e-05 18.747 33.337 2.868 3.611  17.018 32.635 2.755 3.549  17.499 
it: 0.289 11.409 7.11e-05 20.641 37.281 3.105 3.896  19.953 37.125 3.085 3.894  17.507 
it: 0.290 11.449 7.10e-05 18.727 34.998 2.856 3.758  16.968 34.146 2.757 3.687  17.505 
it: 0.291 11.490 7.09e-05 19.366 34.590 2.846 3.717  17.315 33.530 2.704 3.707  17.466 
it: 0.292 11.530 7.08e-05 19.204 35.648 2.844 3.752  17.479 33.819 2.715 3.639  17.437 
it: 0.293 11.570 7.07e-05 19.035 35.058 2.854 3.681  17.649 34.446 2.803 3.659  17.474 
it: 0.294 11.610 7.06e-05 18.388 33.818 2.834 3.650  16.700 32.670 2.681 3.604  17.426 
it: 0.295 11.650 7.05e-05 18.730 34.626 2.814 3.734  16.799 34.048 2.713 3.615  17.448 
it: 0.296 11.690 7.04e-05 18.113 33.682 2.772 3.668  17.045 32.833 2.724 3.582  17.457 
it: 0.297 11.730 7.03e-05 19.174 36.648 2.973 3.914  18.944 36.095 2.947 3.879  17.464 
it: 0.298 11.771 7.02e-05 19.002 33.989 2.920 3.704  17.209 33.265 2.763 3.592  17.443 
it: 0.299 11.811 7.01e-05 18.580 34.379 2.908 3.652  17.210 32.954 2.768 3.625  17.397 
it: 0.300 11.851 7.00e-05 18.975 36.361 2.957 3.778  17.400 34.513 2.788 3.748  17.351 
it: 0.301 11.891 6.99e-05 18.923 34.981 2.866 3.667  17.286 33.630 2.741 3.681  17.390 
it: 0.302 11.931 6.98e-05 18.535 35.294 2.864 3.762  16.896 33.345 2.645 3.652  17.340 
it: 0.303 11.971 6.97e-05 17.883 33.554 2.780 3.604  16.506 32.706 2.693 3.591  17.354 
it: 0.304 12.012 6.96e-05 18.672 34.214 2.870 3.679  17.020 33.229 2.760 3.558  17.340 
it: 0.305 12.052 6.95e-05 18.697 34.693 2.808 3.698  16.955 33.562 2.708 3.614  17.325 
it: 0.306 12.092 6.94e-05 19.085 34.353 2.878 3.693  17.575 33.012 2.764 3.584  17.315 
it: 0.307 12.132 6.93e-05 18.685 34.180 2.855 3.734  17.370 33.609 2.762 3.683  17.305 
it: 0.308 12.172 6.92e-05 18.672 34.572 2.785 3.698  17.214 33.332 2.698 3.677  17.346 
it: 0.309 12.212 6.91e-05 18.860 35.092 2.856 3.753  17.246 33.946 2.790 3.665  17.312 
it: 0.310 12.253 6.90e-05 18.185 34.741 2.776 3.726  16.778 33.517 2.671 3.629  17.268 
it: 0.311 12.293 6.89e-05 18.240 34.722 2.857 3.763  16.919 33.820 2.754 3.718  17.265 
it: 0.312 12.333 6.88e-05 19.556 36.464 2.868 3.782  18.215 35.731 2.844 3.757  17.280 
it: 0.313 12.373 6.87e-05 18.529 34.779 2.789 3.661  16.409 33.284 2.654 3.618  17.233 
it: 0.314 12.413 6.86e-05 18.165 34.249 2.782 3.691  16.328 32.443 2.642 3.521  17.255 
it: 0.315 12.453 6.85e-05 17.894 34.418 2.846 3.641  16.518 33.196 2.722 3.601  17.204 
it: 0.316 12.493 6.84e-05 18.825 34.491 2.875 3.686  17.442 32.863 2.795 3.618  17.237 
it: 0.317 12.534 6.83e-05 18.729 33.973 2.822 3.659  17.056 33.036 2.703 3.601  17.187 
it: 0.318 12.574 6.82e-05 18.880 34.439 2.940 3.647  17.312 33.548 2.776 3.636  17.202 
it: 0.319 12.614 6.81e-05 18.347 34.380 2.800 3.731  16.501 33.050 2.681 3.660  17.177 
it: 0.320 12.654 6.80e-05 18.537 33.764 2.842 3.749  16.719 32.675 2.699 3.612  17.169 
it: 0.321 12.694 6.79e-05 18.586 34.075 2.820 3.643  17.039 32.850 2.664 3.628  17.166 
it: 0.322 12.734 6.78e-05 17.859 33.094 2.774 3.560  16.122 31.872 2.677 3.513  17.142 
it: 0.323 12.775 6.77e-05 18.146 33.451 2.737 3.710  16.544 33.377 2.687 3.612  17.131 
it: 0.324 12.815 6.76e-05 18.450 33.367 2.821 3.620  16.724 32.571 2.669 3.551  17.171 
it: 0.325 12.855 6.75e-05 18.408 34.140 2.817 3.681  16.741 33.115 2.702 3.642  17.121 
it: 0.326 12.895 6.74e-05 18.753 34.741 2.843 3.682  17.329 33.596 2.699 3.672  17.159 
it: 0.327 12.935 6.73e-05 19.312 36.377 2.913 3.818  17.881 35.376 2.841 3.757  17.144 
it: 0.328 12.975 6.72e-05 18.276 35.209 2.767 3.688  16.728 34.639 2.657 3.648  17.095 
it: 0.329 13.015 6.71e-05 18.648 34.773 2.828 3.666  17.243 34.645 2.804 3.692  17.085 
it: 0.330 13.056 6.70e-05 18.030 33.653 2.710 3.604  16.571 32.949 2.623 3.496  17.094 
it: 0.331 13.096 6.69e-05 18.444 35.599 2.776 3.702  17.325 34.568 2.727 3.705  17.083 
it: 0.332 13.136 6.68e-05 18.368 34.720 2.821 3.745  16.837 33.421 2.686 3.603  17.023 
it: 0.333 13.176 6.67e-05 18.369 33.939 2.788 3.653  16.494 33.254 2.700 3.597  17.052 
it: 0.334 13.216 6.66e-05 18.708 33.790 2.870 3.638  17.122 32.547 2.780 3.592  17.013 
it: 0.335 13.256 6.65e-05 18.314 34.475 2.827 3.697  16.773 33.251 2.691 3.618  17.040 
it: 0.336 13.297 6.64e-05 19.154 34.406 2.937 3.818  18.079 34.321 2.842 3.840  17.039 
it: 0.337 13.337 6.63e-05 20.448 37.653 3.018 3.905  19.560 37.198 2.978 3.906  17.027 
it: 0.338 13.377 6.62e-05 18.612 34.425 2.861 3.703  16.982 33.618 2.721 3.654  16.989 
it: 0.339 13.417 6.61e-05 18.312 33.951 2.764 3.650  16.567 33.446 2.650 3.608  17.042 
it: 0.340 13.457 6.60e-05 18.910 34.971 2.853 3.746  17.415 33.528 2.716 3.681  17.026 
it: 0.341 13.497 6.59e-05 18.364 33.369 2.878 3.658  16.773 32.810 2.724 3.666  16.968 
it: 0.342 13.537 6.58e-05 18.417 34.100 2.838 3.668  16.651 33.403 2.686 3.669  16.971 
it: 0.343 13.577 6.57e-05 17.538 34.275 2.757 3.690  16.405 32.772 2.661 3.556  16.918 
it: 0.344 13.618 6.56e-05 18.160 34.868 2.853 3.746  17.023 33.919 2.793 3.734  16.975 
it: 0.345 13.655 6.55e-05 17.798 33.234 2.766 3.629  15.998 32.289 2.630 3.550  16.987 
it: 0.346 13.694 6.54e-05 18.005 34.139 2.858 3.737  16.505 33.185 2.740 3.591  16.930 
it: 0.347 13.734 6.53e-05 18.718 36.523 2.955 3.749  17.237 35.054 2.821 3.734  16.936 
it: 0.348 13.774 6.52e-05 17.927 34.226 2.820 3.719  15.907 33.290 2.695 3.603  16.960 
it: 0.349 13.814 6.51e-05 17.813 33.205 2.750 3.594  16.039 32.129 2.646 3.518  16.914 
it: 0.350 13.854 6.50e-05 18.124 34.996 2.818 3.716  16.961 34.238 2.750 3.733  16.942 
it: 0.351 13.894 6.49e-05 17.834 33.576 2.734 3.686  16.490 32.249 2.658 3.554  16.946 
it: 0.352 13.935 6.48e-05 18.411 35.411 2.850 3.804  16.623 34.107 2.738 3.699  16.871 
it: 0.353 13.975 6.47e-05 18.469 33.870 2.837 3.596  17.007 32.738 2.689 3.560  16.910 
it: 0.354 14.015 6.46e-05 18.554 33.898 2.812 3.721  17.279 32.515 2.690 3.612  16.898 
it: 0.355 14.055 6.45e-05 17.933 34.327 2.789 3.646  16.465 33.199 2.702 3.632  16.844 
it: 0.356 14.095 6.44e-05 18.259 32.317 2.791 3.681  16.583 32.274 2.718 3.609  16.879 
it: 0.357 14.135 6.43e-05 17.957 33.780 2.785 3.712  16.537 32.237 2.700 3.575  16.859 
it: 0.358 14.175 6.42e-05 18.335 35.011 2.842 3.670  16.766 32.720 2.714 3.552  16.829 
it: 0.359 14.215 6.41e-05 17.596 33.992 2.800 3.604  16.019 32.493 2.704 3.515  16.860 
it: 0.360 14.255 6.40e-05 17.976 34.444 2.796 3.720  16.592 33.549 2.701 3.646  16.810 
it: 0.361 14.295 6.39e-05 18.212 34.808 2.851 3.704  16.571 34.655 2.702 3.677  16.797 
it: 0.362 14.336 6.38e-05 18.111 34.062 2.774 3.583  15.999 32.734 2.606 3.547  16.830 
it: 0.363 14.376 6.37e-05 17.910 33.122 2.759 3.635  16.221 31.994 2.647 3.521  16.789 
it: 0.364 14.416 6.36e-05 17.988 34.900 2.787 3.732  16.343 33.682 2.631 3.655  16.824 
it: 0.365 14.456 6.35e-05 18.071 33.660 2.760 3.649  16.509 32.469 2.646 3.597  16.812 
it: 0.366 14.496 6.34e-05 18.079 34.659 2.842 3.694  16.784 33.969 2.783 3.643  16.804 
it: 0.367 14.537 6.33e-05 18.670 35.013 2.825 3.651  16.766 33.683 2.685 3.587  16.746 
it: 0.368 14.577 6.32e-05 18.300 34.800 2.835 3.699  16.566 34.201 2.709 3.619  16.793 
it: 0.369 14.617 6.31e-05 18.026 33.933 2.822 3.670  16.268 32.501 2.680 3.671  16.772 
it: 0.370 14.657 6.30e-05 18.187 33.586 2.731 3.652  16.338 32.572 2.634 3.584  16.768 
it: 0.371 14.697 6.29e-05 18.128 34.374 2.772 3.703  16.170 32.857 2.656 3.596  16.767 
it: 0.372 14.738 6.28e-05 18.523 35.105 2.846 3.720  16.816 34.410 2.782 3.747  16.749 
it: 0.373 14.778 6.27e-05 17.685 34.298 2.771 3.616  16.187 33.492 2.641 3.548  16.751 
it: 0.374 14.818 6.26e-05 19.851 37.209 3.030 3.965  18.939 35.819 3.010 3.863  16.723 
it: 0.375 14.858 6.25e-05 18.038 33.526 2.791 3.633  16.277 32.077 2.616 3.542  16.745 
it: 0.376 14.898 6.24e-05 18.440 33.804 2.871 3.710  17.119 32.750 2.758 3.626  16.685 
it: 0.377 14.938 6.23e-05 17.725 33.219 2.766 3.714  16.046 32.490 2.619 3.612  16.706 
it: 0.378 14.979 6.22e-05 17.993 33.662 2.795 3.668  16.327 32.926 2.664 3.584  16.702 
it: 0.379 15.019 6.21e-05 18.752 36.817 2.873 3.770  17.122 34.981 2.773 3.748  16.685 
it: 0.380 15.059 6.20e-05 17.654 34.231 2.816 3.664  16.224 33.328 2.669 3.604  16.682 
it: 0.381 15.099 6.19e-05 17.690 34.405 2.744 3.664  16.191 33.719 2.619 3.609  16.689 
it: 0.382 15.140 6.18e-05 18.413 34.977 2.842 3.745  17.166 34.122 2.745 3.702  16.653 
it: 0.383 15.180 6.17e-05 17.408 35.418 2.733 3.715  16.254 34.259 2.642 3.708  16.648 
it: 0.384 15.220 6.16e-05 17.405 34.087 2.771 3.674  16.282 32.943 2.744 3.586  16.677 
it: 0.385 15.260 6.15e-05 18.094 34.429 2.800 3.690  16.702 33.336 2.733 3.646  16.653 
it: 0.386 15.301 6.14e-05 17.923 34.142 2.850 3.680  16.543 33.259 2.756 3.626  16.635 
it: 0.387 15.341 6.13e-05 17.974 33.913 2.779 3.650  16.119 33.140 2.615 3.642  16.628 
it: 0.388 15.381 6.12e-05 18.190 33.555 2.744 3.717  16.375 33.180 2.647 3.629  16.632 
it: 0.389 15.421 6.11e-05 20.393 36.284 3.023 3.863  19.560 35.988 3.028 3.864  16.610 
it: 0.390 15.461 6.10e-05 17.884 33.932 2.828 3.650  16.280 33.704 2.702 3.693  16.627 
it: 0.391 15.501 6.09e-05 17.051 33.355 2.779 3.689  15.268 32.096 2.621 3.632  16.602 
it: 0.392 15.542 6.08e-05 18.108 34.962 2.793 3.702  17.020 33.810 2.716 3.634  16.625 
it: 0.393 15.582 6.07e-05 17.950 33.562 2.775 3.609  16.517 32.669 2.657 3.581  16.589 
it: 0.394 15.622 6.06e-05 17.501 34.178 2.742 3.634  16.136 33.403 2.644 3.602  16.585 
it: 0.395 15.662 6.05e-05 18.022 34.697 2.846 3.719  16.575 34.230 2.716 3.686  16.615 
it: 0.396 15.703 6.04e-05 18.014 34.255 2.743 3.646  16.486 32.619 2.684 3.599  16.568 
it: 0.397 15.743 6.03e-05 18.095 34.500 2.869 3.635  16.540 33.270 2.711 3.593  16.573 
it: 0.398 15.783 6.02e-05 18.977 35.759 2.932 3.806  17.909 35.374 2.841 3.814  16.558 
it: 0.399 15.823 6.01e-05 17.691 33.267 2.756 3.628  16.025 32.322 2.613 3.603  16.568 
it: 0.400 15.863 6.00e-05 18.143 34.576 2.773 3.732  16.664 33.314 2.693 3.642  16.568 
it: 0.401 15.903 5.99e-05 17.824 33.351 2.756 3.632  16.296 31.913 2.704 3.513  16.568 
it: 0.402 15.944 5.98e-05 17.681 34.083 2.721 3.675  15.829 33.174 2.592 3.567  16.540 
it: 0.403 15.984 5.97e-05 17.500 34.070 2.783 3.653  15.733 32.851 2.634 3.597  16.551 
it: 0.404 16.024 5.96e-05 17.443 34.523 2.752 3.579  15.820 32.996 2.622 3.577  16.520 
it: 0.405 16.064 5.95e-05 18.787 35.400 2.803 3.723  16.891 34.497 2.749 3.719  16.518 
it: 0.406 16.104 5.94e-05 18.381 35.123 2.870 3.705  17.148 34.012 2.811 3.654  16.523 
it: 0.407 16.145 5.93e-05 18.165 35.529 2.865 3.747  16.700 34.448 2.749 3.662  16.474 
it: 0.408 16.185 5.92e-05 20.315 36.302 2.968 3.801  19.699 37.075 3.006 3.860  16.472 
it: 0.409 16.225 5.91e-05 17.913 34.194 2.838 3.667  16.388 33.965 2.741 3.631  16.505 
it: 0.410 16.265 5.90e-05 18.456 35.730 2.872 3.831  16.905 33.894 2.776 3.748  16.502 
it: 0.411 16.305 5.89e-05 18.077 34.522 2.821 3.623  16.451 34.024 2.719 3.626  16.490 
it: 0.412 16.346 5.88e-05 18.002 33.796 2.772 3.673  16.199 33.098 2.656 3.575  16.472 
it: 0.413 16.386 5.87e-05 19.090 35.089 2.940 3.834  17.983 34.823 2.866 3.837  16.434 
it: 0.414 16.426 5.86e-05 18.346 33.860 2.806 3.699  17.369 33.615 2.739 3.696  16.455 
it: 0.415 16.466 5.85e-05 17.749 34.102 2.756 3.679  15.963 33.025 2.659 3.589  16.487 
it: 0.416 16.506 5.84e-05 17.423 33.541 2.770 3.632  16.486 32.991 2.686 3.599  16.451 
it: 0.417 16.547 5.83e-05 18.626 34.234 2.771 3.717  17.421 33.779 2.745 3.723  16.451 
it: 0.418 16.587 5.82e-05 17.514 34.497 2.771 3.653  15.921 32.865 2.567 3.621  16.428 
it: 0.419 16.627 5.81e-05 17.791 34.215 2.782 3.740  16.384 32.733 2.661 3.580  16.450 
it: 0.420 16.667 5.80e-05 17.984 35.643 2.814 3.763  16.736 34.279 2.733 3.654  16.429 
it: 0.421 16.707 5.79e-05 18.568 35.053 2.838 3.701  16.761 33.754 2.703 3.650  16.417 
it: 0.422 16.748 5.78e-05 17.329 33.754 2.675 3.600  15.666 32.827 2.550 3.606  16.407 
it: 0.423 16.788 5.77e-05 17.510 34.932 2.751 3.674  15.724 34.076 2.618 3.627  16.393 
it: 0.424 16.828 5.76e-05 17.543 33.542 2.796 3.694  15.961 32.330 2.626 3.569  16.402 
it: 0.425 16.868 5.75e-05 18.314 34.911 2.786 3.735  16.603 34.249 2.696 3.697  16.384 
it: 0.426 16.908 5.74e-05 18.348 34.958 2.832 3.734  16.587 33.470 2.679 3.675  16.423 
it: 0.427 16.949 5.73e-05 18.296 33.953 2.807 3.643  16.627 32.174 2.741 3.550  16.369 
it: 0.428 16.989 5.72e-05 17.893 34.865 2.707 3.668  16.214 33.917 2.590 3.635  16.397 
it: 0.429 17.029 5.71e-05 17.521 33.433 2.777 3.630  16.179 32.606 2.615 3.570  16.377 
it: 0.430 17.069 5.70e-05 17.710 33.637 2.741 3.707  15.821 33.025 2.615 3.682  16.377 
it: 0.431 17.109 5.69e-05 17.735 33.971 2.714 3.646  16.008 33.366 2.621 3.584  16.377 
it: 0.432 17.150 5.68e-05 17.620 34.428 2.749 3.766  16.238 34.064 2.640 3.708  16.341 
it: 0.433 17.190 5.67e-05 17.644 33.968 2.772 3.658  16.064 33.000 2.606 3.582  16.346 
it: 0.434 17.230 5.66e-05 18.185 35.147 2.769 3.735  16.822 34.093 2.721 3.722  16.342 
it: 0.435 17.270 5.65e-05 17.597 34.821 2.764 3.663  16.179 33.634 2.639 3.612  16.375 
it: 0.436 17.310 5.64e-05 18.017 34.197 2.757 3.699  16.324 33.626 2.715 3.653  16.328 
it: 0.437 17.351 5.63e-05 17.483 34.358 2.766 3.655  15.782 33.655 2.651 3.565  16.331 
it: 0.438 17.391 5.62e-05 17.304 33.875 2.735 3.626  15.345 32.649 2.610 3.501  16.325 
it: 0.439 17.431 5.61e-05 18.223 34.241 2.798 3.717  16.478 33.320 2.705 3.643  16.324 
it: 0.440 17.471 5.60e-05 17.555 34.436 2.680 3.616  15.932 33.714 2.620 3.575  16.300 
it: 0.441 17.511 5.59e-05 17.373 34.453 2.783 3.684  16.132 33.764 2.671 3.649  16.260 
it: 0.442 17.552 5.58e-05 18.065 34.051 2.764 3.657  16.064 33.299 2.645 3.576  16.340 
it: 0.443 17.592 5.57e-05 17.585 33.911 2.757 3.721  16.004 33.150 2.618 3.570  16.304 
it: 0.444 17.632 5.56e-05 18.054 34.282 2.698 3.651  16.636 33.334 2.620 3.580  16.273 
it: 0.445 17.672 5.55e-05 17.978 33.782 2.725 3.691  16.506 32.991 2.653 3.569  16.277 
it: 0.446 17.713 5.54e-05 17.713 34.171 2.779 3.665  16.189 33.175 2.651 3.561  16.251 
it: 0.447 17.753 5.53e-05 17.895 34.309 2.762 3.681  16.174 34.026 2.673 3.693  16.248 
it: 0.448 17.793 5.52e-05 17.672 33.054 2.747 3.581  15.927 32.223 2.625 3.597  16.295 
it: 0.449 17.833 5.51e-05 17.709 34.741 2.808 3.675  16.153 34.134 2.691 3.615  16.253 
it: 0.450 17.873 5.50e-05 17.587 33.821 2.735 3.640  15.705 32.678 2.648 3.601  16.215 
it: 0.451 17.913 5.49e-05 17.937 34.782 2.774 3.741  16.345 33.708 2.664 3.646  16.250 
it: 0.452 17.954 5.48e-05 17.745 34.435 2.785 3.780  16.186 33.192 2.663 3.718  16.245 
it: 0.453 17.994 5.47e-05 17.660 33.192 2.810 3.658  15.965 32.743 2.683 3.590  16.259 
it: 0.454 18.034 5.46e-05 17.645 34.507 2.819 3.711  15.823 34.306 2.651 3.661  16.248 
it: 0.455 18.074 5.45e-05 18.183 34.371 2.813 3.772  16.571 34.124 2.753 3.732  16.237 
it: 0.456 18.115 5.44e-05 18.484 34.169 2.820 3.715  16.781 33.801 2.648 3.653  16.196 
it: 0.457 18.155 5.43e-05 17.819 33.383 2.754 3.613  16.083 32.317 2.617 3.655  16.207 
it: 0.458 18.195 5.42e-05 18.386 34.532 2.823 3.845  16.760 33.844 2.732 3.689  16.193 
it: 0.459 18.235 5.41e-05 18.301 34.318 2.814 3.670  17.162 33.952 2.699 3.669  16.213 
it: 0.460 18.275 5.40e-05 17.446 34.322 2.761 3.670  15.744 33.625 2.626 3.578  16.178 
it: 0.461 18.315 5.39e-05 17.600 34.140 2.804 3.636  15.811 33.384 2.673 3.653  16.237 
it: 0.462 18.355 5.38e-05 17.681 32.984 2.765 3.740  16.192 32.233 2.640 3.563  16.170 
it: 0.463 18.395 5.37e-05 17.963 33.479 2.792 3.684  16.163 32.436 2.643 3.639  16.163 
it: 0.464 18.436 5.36e-05 17.549 34.385 2.710 3.631  16.124 32.879 2.631 3.618  16.187 
it: 0.465 18.476 5.35e-05 17.285 34.079 2.727 3.588  15.374 32.493 2.563 3.557  16.142 
it: 0.466 18.516 5.34e-05 17.816 34.002 2.719 3.654  16.384 33.622 2.630 3.633  16.190 
it: 0.467 18.556 5.33e-05 17.950 32.751 2.798 3.630  16.046 32.039 2.715 3.558  16.180 
it: 0.468 18.596 5.32e-05 17.188 34.516 2.691 3.696  15.628 33.322 2.602 3.554  16.151 
it: 0.469 18.637 5.31e-05 17.805 35.129 2.806 3.766  16.086 33.576 2.683 3.738  16.145 
it: 0.470 18.677 5.30e-05 17.692 33.891 2.808 3.702  15.930 33.463 2.636 3.631  16.174 
it: 0.471 18.717 5.29e-05 17.391 33.648 2.768 3.648  16.021 33.203 2.639 3.630  16.162 
it: 0.472 18.757 5.28e-05 17.679 33.453 2.732 3.623  15.730 32.990 2.595 3.649  16.168 
it: 0.473 18.797 5.27e-05 16.907 34.832 2.733 3.706  15.415 33.621 2.550 3.605  16.132 
it: 0.474 18.837 5.26e-05 17.121 33.584 2.711 3.633  15.639 32.626 2.619 3.565  16.132 
it: 0.475 18.878 5.25e-05 16.940 33.479 2.711 3.618  15.614 33.330 2.614 3.570  16.121 
it: 0.476 18.918 5.24e-05 18.242 34.559 2.792 3.682  16.837 34.065 2.665 3.635  16.126 
it: 0.477 18.958 5.23e-05 18.312 34.667 2.866 3.771  16.807 34.240 2.654 3.697  16.134 
it: 0.478 18.998 5.22e-05 17.319 33.882 2.766 3.665  16.160 33.149 2.638 3.603  16.117 
it: 0.479 19.039 5.21e-05 17.990 34.661 2.771 3.768  16.179 33.848 2.657 3.665  16.141 
it: 0.480 19.079 5.20e-05 18.519 35.350 2.872 3.738  17.086 34.928 2.767 3.683  16.089 
it: 0.481 19.119 5.19e-05 17.657 33.475 2.743 3.642  15.853 32.345 2.624 3.550  16.096 
it: 0.482 19.159 5.18e-05 16.931 33.951 2.705 3.653  15.166 32.579 2.560 3.571  16.102 
it: 0.483 19.199 5.17e-05 18.225 35.287 2.826 3.775  17.112 34.908 2.745 3.737  16.060 
it: 0.484 19.240 5.16e-05 17.891 34.995 2.924 3.785  16.311 34.102 2.792 3.751  16.056 
it: 0.485 19.280 5.15e-05 17.309 33.779 2.730 3.619  15.784 32.471 2.619 3.588  16.057 
it: 0.486 19.320 5.14e-05 17.258 33.580 2.722 3.692  15.633 32.693 2.630 3.627  16.063 
it: 0.487 19.360 5.13e-05 17.429 33.367 2.722 3.645  16.200 32.802 2.635 3.617  16.068 
it: 0.488 19.400 5.12e-05 17.584 34.033 2.796 3.674  16.116 32.652 2.626 3.539  16.062 
it: 0.489 19.441 5.11e-05 16.886 32.881 2.730 3.607  15.497 32.339 2.576 3.594  16.085 
it: 0.490 19.481 5.10e-05 17.135 33.285 2.720 3.652  15.434 31.518 2.592 3.501  16.005 
it: 0.491 19.521 5.09e-05 16.968 33.512 2.728 3.585  15.297 32.317 2.560 3.504  16.033 
it: 0.492 19.561 5.08e-05 17.515 34.118 2.733 3.618  15.846 32.807 2.621 3.606  16.061 
it: 0.493 19.601 5.07e-05 17.637 33.961 2.755 3.713  16.171 33.845 2.641 3.660  16.028 
it: 0.494 19.641 5.06e-05 17.474 34.088 2.768 3.659  16.151 33.555 2.618 3.681  16.023 
it: 0.495 19.682 5.05e-05 17.249 33.389 2.707 3.561  15.518 31.837 2.570 3.515  16.040 
it: 0.496 19.722 5.04e-05 18.631 33.668 2.871 3.614  16.889 33.551 2.772 3.716  16.021 
it: 0.497 19.762 5.03e-05 17.436 34.481 2.786 3.658  16.051 33.637 2.677 3.712  16.013 
it: 0.498 19.802 5.02e-05 17.468 33.249 2.731 3.581  15.577 32.000 2.593 3.606  16.022 
it: 0.499 19.842 5.01e-05 17.648 33.799 2.820 3.634  15.847 33.570 2.625 3.610  16.006 
it: 0.500 19.882 5.00e-05 16.806 33.412 2.726 3.704  15.478 32.202 2.641 3.602  15.983 
it: 0.501 19.923 4.99e-05 16.690 33.246 2.712 3.655  15.149 32.503 2.585 3.556  15.990 
it: 0.502 19.963 4.98e-05 17.135 33.532 2.710 3.641  15.565 32.927 2.606 3.576  16.040 
it: 0.503 20.003 4.97e-05 17.200 33.119 2.711 3.582  15.725 32.555 2.580 3.543  15.985 
it: 0.504 20.043 4.96e-05 17.063 34.240 2.693 3.622  15.243 33.370 2.550 3.680  15.993 
it: 0.505 20.083 4.95e-05 17.391 34.305 2.750 3.638  15.819 33.639 2.646 3.598  15.957 
it: 0.506 20.124 4.94e-05 17.053 33.598 2.696 3.620  15.428 32.578 2.590 3.568  15.962 
it: 0.507 20.164 4.93e-05 16.989 32.560 2.725 3.617  15.433 31.559 2.600 3.549  15.949 
it: 0.508 20.204 4.92e-05 17.233 33.884 2.737 3.711  15.444 33.306 2.572 3.692  15.949 
it: 0.509 20.244 4.91e-05 17.512 33.132 2.747 3.568  15.722 32.289 2.648 3.620  15.949 
it: 0.510 20.284 4.90e-05 17.174 33.358 2.719 3.679  15.891 32.566 2.640 3.572  15.960 
it: 0.511 20.324 4.89e-05 16.839 33.678 2.661 3.648  15.131 33.292 2.546 3.621  15.953 
it: 0.512 20.365 4.88e-05 17.310 33.630 2.769 3.685  15.832 32.538 2.636 3.579  15.949 
it: 0.513 20.405 4.87e-05 17.386 33.226 2.701 3.634  16.117 32.789 2.619 3.589  15.958 
it: 0.514 20.445 4.86e-05 17.276 33.673 2.726 3.716  15.776 33.303 2.611 3.661  15.904 
it: 0.515 20.485 4.85e-05 17.591 33.687 2.828 3.655  15.915 32.767 2.671 3.602  15.914 
it: 0.516 20.525 4.84e-05 18.558 34.652 2.897 3.754  17.362 34.314 2.822 3.705  15.947 
it: 0.517 20.566 4.83e-05 17.248 34.172 2.704 3.682  15.491 32.644 2.597 3.562  15.908 
it: 0.518 20.606 4.82e-05 17.427 33.890 2.700 3.688  15.959 33.480 2.641 3.641  15.928 
it: 0.519 20.646 4.81e-05 17.403 33.960 2.735 3.655  15.758 33.383 2.665 3.633  15.873 
it: 0.520 20.686 4.80e-05 17.734 33.680 2.723 3.658  15.845 33.428 2.584 3.646  15.889 
it: 0.521 20.726 4.79e-05 17.390 33.778 2.785 3.622  15.599 33.084 2.593 3.497  15.870 
it: 0.522 20.766 4.78e-05 17.277 33.504 2.703 3.616  15.537 32.308 2.602 3.589  15.931 
it: 0.523 20.807 4.77e-05 16.319 34.091 2.659 3.591  14.824 33.198 2.578 3.528  15.872 
it: 0.524 20.847 4.76e-05 16.994 35.016 2.675 3.664  15.225 33.367 2.569 3.616  15.899 
it: 0.525 20.887 4.75e-05 17.316 34.388 2.741 3.726  15.439 33.642 2.619 3.600  15.871 
it: 0.526 20.927 4.74e-05 17.302 33.318 2.755 3.594  15.499 32.873 2.635 3.521  15.890 
it: 0.527 20.967 4.73e-05 17.276 33.852 2.752 3.624  15.876 33.038 2.652 3.628  15.885 
it: 0.528 21.008 4.72e-05 16.853 33.776 2.654 3.635  15.436 32.533 2.551 3.518  15.834 
it: 0.529 21.048 4.71e-05 17.687 33.269 2.765 3.694  15.918 32.547 2.684 3.666  15.867 
it: 0.530 21.088 4.70e-05 16.463 32.826 2.714 3.669  15.073 31.819 2.558 3.622  15.841 
it: 0.531 21.128 4.69e-05 17.738 34.617 2.811 3.714  16.157 34.004 2.726 3.656  15.833 
it: 0.532 21.168 4.68e-05 17.013 34.380 2.689 3.705  15.568 33.485 2.558 3.662  15.885 
it: 0.533 21.209 4.67e-05 17.770 35.070 2.712 3.684  16.875 34.883 2.655 3.661  15.840 
it: 0.534 21.249 4.66e-05 17.773 34.177 2.739 3.664  15.923 33.021 2.632 3.655  15.871 
it: 0.535 21.289 4.65e-05 16.716 33.276 2.714 3.611  14.763 32.383 2.520 3.572  15.848 
it: 0.536 21.329 4.64e-05 17.023 33.562 2.670 3.649  15.480 32.797 2.579 3.526  15.840 
it: 0.537 21.369 4.63e-05 16.904 33.456 2.711 3.532  15.083 32.606 2.565 3.475  15.843 
it: 0.538 21.410 4.62e-05 17.403 34.502 2.754 3.644  15.504 33.145 2.640 3.537  15.856 
it: 0.539 21.450 4.61e-05 17.141 33.356 2.680 3.602  15.712 32.373 2.605 3.541  15.803 
it: 0.540 21.490 4.60e-05 17.787 34.905 2.755 3.680  16.212 33.820 2.678 3.683  15.802 
it: 0.541 21.530 4.59e-05 16.650 33.854 2.706 3.616  15.323 32.532 2.567 3.525  15.810 
it: 0.542 21.570 4.58e-05 16.967 33.764 2.710 3.658  15.127 32.548 2.539 3.563  15.773 
it: 0.543 21.610 4.57e-05 19.132 36.278 2.885 3.791  18.060 35.579 2.836 3.808  15.810 
it: 0.544 21.650 4.56e-05 16.900 33.073 2.711 3.612  15.227 32.960 2.584 3.537  15.788 
it: 0.545 21.690 4.55e-05 17.244 33.808 2.781 3.679  15.847 33.446 2.686 3.662  15.805 
it: 0.546 21.730 4.54e-05 16.984 32.890 2.652 3.591  15.279 32.044 2.558 3.601  15.763 
it: 0.547 21.770 4.53e-05 17.400 33.573 2.724 3.594  15.141 32.476 2.547 3.592  15.801 
it: 0.548 21.810 4.52e-05 17.277 33.811 2.740 3.674  15.415 33.322 2.580 3.571  15.791 
it: 0.549 21.850 4.51e-05 17.223 34.438 2.797 3.663  15.663 33.450 2.668 3.633  15.802 
it: 0.550 21.891 4.50e-05 16.786 33.578 2.725 3.690  15.251 32.875 2.564 3.589  15.765 
it: 0.551 21.931 4.49e-05 16.989 33.674 2.688 3.662  15.473 33.136 2.579 3.550  15.769 
it: 0.552 21.971 4.48e-05 17.449 34.371 2.693 3.683  15.589 33.139 2.589 3.581  15.789 
it: 0.553 22.011 4.47e-05 17.276 33.302 2.684 3.685  15.459 32.801 2.569 3.572  15.717 
it: 0.554 22.051 4.46e-05 16.950 33.324 2.729 3.576  15.148 32.707 2.615 3.537  15.758 
it: 0.555 22.092 4.45e-05 17.545 32.817 2.730 3.632  15.766 31.768 2.630 3.594  15.777 
it: 0.556 22.132 4.44e-05 17.000 32.512 2.691 3.690  15.478 31.464 2.591 3.595  15.740 
it: 0.557 22.172 4.43e-05 17.435 33.673 2.711 3.629  15.852 33.268 2.599 3.564  15.715 
it: 0.558 22.212 4.42e-05 17.144 33.837 2.707 3.644  15.491 32.912 2.588 3.530  15.736 
it: 0.559 22.252 4.41e-05 18.125 35.556 2.747 3.726  16.488 34.188 2.662 3.689  15.708 
it: 0.560 22.293 4.40e-05 16.932 34.217 2.677 3.725  15.582 33.753 2.586 3.670  15.707 
it: 0.561 22.333 4.39e-05 16.976 34.062 2.700 3.693  15.740 33.003 2.623 3.639  15.724 
it: 0.562 22.373 4.38e-05 17.409 33.990 2.766 3.717  16.014 32.594 2.685 3.581  15.723 
it: 0.563 22.413 4.37e-05 16.784 33.554 2.733 3.592  15.284 32.615 2.585 3.544  15.711 
it: 0.564 22.453 4.36e-05 17.176 32.976 2.729 3.577  15.514 32.377 2.575 3.501  15.702 
it: 0.565 22.493 4.35e-05 16.868 33.698 2.754 3.638  15.423 32.858 2.627 3.573  15.745 
it: 0.566 22.534 4.34e-05 16.987 34.572 2.679 3.603  15.171 33.208 2.573 3.570  15.710 
it: 0.567 22.574 4.33e-05 17.030 33.278 2.679 3.693  15.412 32.462 2.557 3.586  15.712 
it: 0.568 22.614 4.32e-05 16.822 33.418 2.675 3.664  15.147 32.668 2.581 3.590  15.696 
it: 0.569 22.654 4.31e-05 16.635 32.967 2.701 3.592  15.007 31.671 2.569 3.539  15.692 
it: 0.570 22.694 4.30e-05 17.768 33.800 2.753 3.741  16.371 32.912 2.674 3.681  15.680 
it: 0.571 22.735 4.29e-05 17.299 33.207 2.723 3.568  15.740 31.868 2.613 3.488  15.705 
it: 0.572 22.775 4.28e-05 17.224 33.892 2.680 3.571  15.817 33.012 2.576 3.542  15.670 
it: 0.573 22.815 4.27e-05 17.176 34.260 2.709 3.674  15.311 32.902 2.553 3.589  15.701 
it: 0.574 22.855 4.26e-05 17.678 35.599 2.721 3.680  15.966 35.036 2.624 3.611  15.641 
it: 0.575 22.895 4.25e-05 17.112 33.807 2.675 3.609  15.701 33.039 2.622 3.561  15.668 
it: 0.576 22.936 4.24e-05 16.895 33.988 2.714 3.618  15.401 32.958 2.622 3.558  15.683 
it: 0.577 22.976 4.23e-05 16.938 33.036 2.701 3.592  15.385 32.393 2.564 3.552  15.669 
it: 0.578 23.016 4.22e-05 16.878 33.304 2.674 3.640  15.301 32.468 2.550 3.585  15.668 
it: 0.579 23.056 4.21e-05 17.101 34.390 2.674 3.607  15.428 33.597 2.587 3.563  15.649 
it: 0.580 23.096 4.20e-05 17.385 34.129 2.719 3.686  15.609 32.832 2.624 3.568  15.700 
it: 0.581 23.136 4.19e-05 16.751 34.152 2.690 3.624  15.114 32.630 2.553 3.588  15.639 
it: 0.582 23.177 4.18e-05 17.159 34.782 2.733 3.700  15.687 33.334 2.596 3.621  15.627 
it: 0.583 23.217 4.17e-05 17.298 33.956 2.706 3.607  15.292 33.412 2.516 3.560  15.650 
it: 0.584 23.257 4.16e-05 16.898 33.512 2.701 3.624  14.833 32.061 2.528 3.626  15.647 
it: 0.585 23.297 4.15e-05 17.190 34.819 2.791 3.690  15.881 34.456 2.670 3.670  15.671 
it: 0.586 23.337 4.14e-05 17.002 33.719 2.709 3.660  15.481 32.775 2.574 3.590  15.654 
it: 0.587 23.378 4.13e-05 17.818 34.372 2.729 3.584  16.005 34.082 2.635 3.598  15.656 
it: 0.588 23.418 4.12e-05 16.747 33.890 2.673 3.578  15.013 33.298 2.583 3.567  15.632 
it: 0.589 23.458 4.11e-05 17.001 33.140 2.703 3.650  15.182 31.898 2.584 3.638  15.622 
it: 0.590 23.498 4.10e-05 16.762 33.262 2.718 3.702  15.116 32.397 2.579 3.576  15.643 
it: 0.591 23.538 4.09e-05 17.458 33.992 2.749 3.645  15.836 33.332 2.593 3.641  15.596 
it: 0.592 23.579 4.08e-05 16.514 33.011 2.655 3.553  15.106 32.119 2.524 3.535  15.627 
it: 0.593 23.619 4.07e-05 16.884 33.715 2.701 3.698  15.521 32.888 2.584 3.611  15.610 
it: 0.594 23.659 4.06e-05 17.677 34.186 2.748 3.670  15.854 32.686 2.587 3.617  15.598 
it: 0.595 23.699 4.05e-05 16.744 33.126 2.697 3.597  15.056 31.692 2.566 3.495  15.586 
it: 0.596 23.739 4.04e-05 17.288 32.970 2.751 3.634  15.205 31.930 2.601 3.581  15.592 
it: 0.597 23.780 4.03e-05 16.853 33.827 2.762 3.664  15.282 32.093 2.628 3.545  15.595 
it: 0.598 23.820 4.02e-05 17.305 33.999 2.691 3.699  15.860 33.441 2.609 3.540  15.581 
it: 0.599 23.860 4.01e-05 17.350 33.708 2.729 3.700  15.540 33.383 2.595 3.617  15.569 
it: 0.600 23.900 4.00e-05 17.181 32.910 2.729 3.641  15.447 32.158 2.597 3.560  15.551 
it: 0.601 23.941 3.99e-05 17.309 33.118 2.718 3.552  15.570 32.430 2.599 3.565  15.543 
it: 0.602 23.981 3.98e-05 16.972 32.808 2.702 3.686  15.440 32.374 2.580 3.604  15.594 
it: 0.603 24.021 3.97e-05 16.802 33.031 2.652 3.627  15.063 32.381 2.568 3.529  15.536 
it: 0.604 24.061 3.96e-05 16.150 33.767 2.606 3.581  15.017 33.173 2.504 3.569  15.573 
it: 0.605 24.101 3.95e-05 16.972 33.153 2.716 3.634  15.739 32.090 2.651 3.596  15.567 
it: 0.606 24.142 3.94e-05 17.242 33.948 2.719 3.636  15.244 33.252 2.619 3.542  15.542 
it: 0.607 24.182 3.93e-05 16.610 33.376 2.706 3.604  14.948 32.809 2.572 3.556  15.538 
it: 0.608 24.222 3.92e-05 16.935 34.448 2.658 3.686  15.424 33.528 2.549 3.582  15.562 
it: 0.609 24.262 3.91e-05 16.717 33.687 2.693 3.628  15.160 32.442 2.542 3.508  15.551 
it: 0.610 24.302 3.90e-05 17.115 33.597 2.712 3.628  15.519 32.864 2.604 3.616  15.505 
it: 0.611 24.342 3.89e-05 17.370 34.377 2.706 3.699  16.079 34.148 2.600 3.627  15.517 
it: 0.612 24.383 3.88e-05 16.766 33.728 2.732 3.585  15.193 33.187 2.597 3.547  15.551 
it: 0.613 24.423 3.87e-05 16.514 34.815 2.630 3.642  14.865 33.388 2.525 3.551  15.560 
it: 0.614 24.463 3.86e-05 17.005 33.961 2.748 3.691  15.560 32.721 2.571 3.650  15.519 
it: 0.615 24.503 3.85e-05 17.724 34.850 2.756 3.642  15.783 34.116 2.658 3.716  15.532 
it: 0.616 24.543 3.84e-05 17.206 32.886 2.730 3.646  15.425 32.052 2.557 3.595  15.526 
it: 0.617 24.584 3.83e-05 16.761 34.555 2.734 3.636  15.201 32.983 2.601 3.598  15.510 
it: 0.618 24.624 3.82e-05 16.932 34.219 2.707 3.587  15.022 33.206 2.563 3.557  15.541 
it: 0.619 24.664 3.81e-05 16.681 33.328 2.664 3.605  15.050 32.999 2.557 3.555  15.512 
it: 0.620 24.704 3.80e-05 16.756 33.086 2.674 3.702  14.961 32.474 2.520 3.544  15.501 
it: 0.621 24.744 3.79e-05 16.942 33.731 2.722 3.595  15.256 32.354 2.581 3.535  15.507 
it: 0.622 24.784 3.78e-05 16.538 33.013 2.679 3.623  14.825 32.515 2.570 3.581  15.512 
it: 0.623 24.825 3.77e-05 17.003 34.569 2.688 3.687  15.099 33.738 2.577 3.592  15.498 
it: 0.624 24.865 3.76e-05 16.625 34.410 2.677 3.663  15.088 32.749 2.537 3.632  15.471 
it: 0.625 24.905 3.75e-05 16.750 33.553 2.648 3.654  15.126 32.535 2.516 3.555  15.479 
it: 0.626 24.945 3.74e-05 16.742 33.274 2.661 3.655  15.104 32.492 2.594 3.537  15.447 
it: 0.627 24.985 3.73e-05 17.320 33.981 2.778 3.639  15.951 32.849 2.634 3.592  15.501 
it: 0.628 25.026 3.72e-05 17.030 32.803 2.668 3.585  15.271 31.923 2.535 3.541  15.463 
it: 0.629 25.066 3.71e-05 17.150 32.595 2.711 3.630  15.516 31.747 2.594 3.566  15.451 
it: 0.630 25.106 3.70e-05 17.420 34.326 2.730 3.631  15.576 33.989 2.611 3.567  15.478 
it: 0.631 25.146 3.69e-05 16.635 32.789 2.695 3.673  14.783 31.024 2.560 3.515  15.482 
it: 0.632 25.186 3.68e-05 17.033 34.375 2.693 3.612  15.287 33.238 2.528 3.609  15.464 
it: 0.633 25.226 3.67e-05 17.136 33.337 2.668 3.668  15.493 32.754 2.513 3.620  15.470 
it: 0.634 25.267 3.66e-05 17.379 34.223 2.676 3.651  15.620 32.815 2.563 3.577  15.443 
it: 0.635 25.307 3.65e-05 17.515 33.928 2.716 3.679  15.862 32.884 2.570 3.655  15.468 
it: 0.636 25.347 3.64e-05 17.648 33.557 2.772 3.701  16.485 33.191 2.709 3.718  15.426 
it: 0.637 25.387 3.63e-05 17.408 33.491 2.728 3.599  15.694 33.571 2.589 3.553  15.440 
it: 0.638 25.427 3.62e-05 16.879 33.528 2.738 3.577  15.104 32.697 2.601 3.546  15.451 
it: 0.639 25.468 3.61e-05 16.326 33.242 2.669 3.625  15.043 33.041 2.570 3.547  15.395 
it: 0.640 25.508 3.60e-05 17.257 33.610 2.703 3.699  15.408 32.450 2.533 3.628  15.442 
it: 0.641 25.548 3.59e-05 16.849 34.893 2.740 3.687  15.094 34.338 2.598 3.643  15.417 
it: 0.642 25.588 3.58e-05 16.772 32.826 2.632 3.576  14.885 32.012 2.518 3.521  15.402 
it: 0.643 25.628 3.57e-05 16.533 33.361 2.647 3.585  14.792 32.574 2.501 3.541  15.415 
it: 0.644 25.669 3.56e-05 16.996 33.601 2.669 3.672  15.205 32.372 2.559 3.561  15.384 
it: 0.645 25.709 3.55e-05 17.213 33.076 2.724 3.684  15.299 31.884 2.560 3.547  15.405 
it: 0.646 25.749 3.54e-05 16.788 32.642 2.694 3.616  15.328 32.505 2.599 3.554  15.422 
it: 0.647 25.789 3.53e-05 16.637 33.233 2.689 3.644  15.187 32.606 2.583 3.607  15.406 
it: 0.648 25.829 3.52e-05 17.408 34.035 2.734 3.697  15.550 34.002 2.626 3.651  15.408 
it: 0.649 25.870 3.51e-05 16.797 33.695 2.706 3.654  15.005 33.279 2.550 3.675  15.402 
it: 0.650 25.910 3.50e-05 16.825 33.495 2.632 3.580  14.857 32.370 2.512 3.494  15.421 
it: 0.651 25.950 3.49e-05 16.796 33.548 2.670 3.585  15.226 33.003 2.537 3.556  15.413 
it: 0.652 25.990 3.48e-05 17.268 34.708 2.699 3.658  15.463 33.788 2.583 3.551  15.375 
it: 0.653 26.030 3.47e-05 16.501 33.403 2.669 3.640  15.019 32.479 2.550 3.556  15.398 
it: 0.654 26.070 3.46e-05 16.348 32.982 2.680 3.625  15.046 32.276 2.554 3.555  15.412 
it: 0.655 26.111 3.45e-05 17.377 32.657 2.717 3.571  15.731 32.133 2.565 3.566  15.406 
it: 0.656 26.151 3.44e-05 16.718 33.252 2.672 3.609  15.211 32.662 2.575 3.587  15.390 
it: 0.657 26.191 3.43e-05 17.119 33.572 2.686 3.655  15.542 32.313 2.596 3.508  15.373 
it: 0.658 26.231 3.42e-05 16.596 34.042 2.669 3.662  15.099 33.377 2.510 3.627  15.363 
it: 0.659 26.271 3.41e-05 16.540 34.320 2.692 3.642  14.883 33.028 2.592 3.540  15.374 
it: 0.660 26.312 3.40e-05 16.904 34.353 2.660 3.665  14.818 33.230 2.496 3.613  15.335 
it: 0.661 26.352 3.39e-05 16.960 33.814 2.726 3.665  15.163 33.010 2.616 3.607  15.387 
it: 0.662 26.392 3.38e-05 17.260 34.016 2.685 3.622  15.485 33.657 2.608 3.580  15.373 
it: 0.663 26.432 3.37e-05 16.730 33.814 2.664 3.627  15.062 32.630 2.523 3.559  15.375 
it: 0.664 26.472 3.36e-05 17.009 33.945 2.733 3.661  15.347 33.580 2.627 3.634  15.310 
it: 0.665 26.512 3.35e-05 17.277 33.558 2.700 3.633  15.087 32.568 2.556 3.557  15.369 
it: 0.666 26.553 3.34e-05 17.053 33.570 2.743 3.583  14.972 32.431 2.530 3.552  15.336 
it: 0.667 26.593 3.33e-05 16.969 34.540 2.730 3.641  15.093 33.524 2.594 3.635  15.328 
it: 0.668 26.633 3.32e-05 16.684 33.676 2.639 3.547  14.898 32.321 2.536 3.500  15.328 
it: 0.669 26.673 3.31e-05 16.808 34.016 2.627 3.650  15.267 32.726 2.481 3.617  15.346 
it: 0.670 26.713 3.30e-05 16.848 34.558 2.688 3.647  15.498 34.163 2.585 3.570  15.329 
it: 0.671 26.754 3.29e-05 17.368 33.937 2.707 3.627  15.400 32.837 2.573 3.633  15.330 
it: 0.672 26.794 3.28e-05 16.899 33.294 2.687 3.557  15.137 32.303 2.575 3.530  15.331 
it: 0.673 26.834 3.27e-05 17.080 32.987 2.684 3.648  15.447 32.644 2.536 3.599  15.309 
it: 0.674 26.874 3.26e-05 16.815 33.888 2.653 3.645  15.094 33.487 2.556 3.668  15.329 
it: 0.675 26.914 3.25e-05 16.663 33.544 2.669 3.621  14.904 32.547 2.559 3.486  15.345 
it: 0.676 26.954 3.24e-05 16.844 33.819 2.674 3.607  14.880 32.490 2.537 3.543  15.309 
it: 0.677 26.995 3.23e-05 17.506 34.379 2.814 3.692  15.988 33.785 2.705 3.678  15.324 
it: 0.678 27.035 3.22e-05 16.977 33.053 2.643 3.651  14.808 32.250 2.509 3.477  15.322 
it: 0.679 27.075 3.21e-05 16.906 33.947 2.661 3.658  15.305 33.173 2.588 3.591  15.286 
it: 0.680 27.115 3.20e-05 16.646 32.826 2.694 3.584  14.859 31.556 2.553 3.503  15.274 
it: 0.681 27.156 3.19e-05 16.759 34.095 2.670 3.570  14.908 32.965 2.510 3.587  15.291 
it: 0.682 27.196 3.18e-05 16.639 33.803 2.642 3.580  14.637 32.884 2.524 3.480  15.305 
it: 0.683 27.236 3.17e-05 16.800 34.147 2.679 3.587  15.363 33.069 2.628 3.550  15.278 
it: 0.684 27.276 3.16e-05 16.854 34.028 2.718 3.631  15.175 33.061 2.603 3.612  15.290 
it: 0.685 27.316 3.15e-05 16.748 33.481 2.660 3.585  15.421 32.555 2.564 3.596  15.293 
it: 0.686 27.356 3.14e-05 16.612 33.911 2.675 3.637  14.823 32.905 2.558 3.548  15.301 
it: 0.687 27.397 3.13e-05 16.948 33.956 2.712 3.619  15.011 33.225 2.594 3.607  15.300 
it: 0.688 27.437 3.12e-05 16.845 34.495 2.702 3.690  15.283 33.862 2.588 3.584  15.271 
it: 0.689 27.477 3.11e-05 17.119 33.750 2.704 3.603  15.353 33.299 2.534 3.576  15.256 
it: 0.690 27.517 3.10e-05 17.045 33.772 2.708 3.666  15.410 33.135 2.529 3.610  15.259 
it: 0.691 27.557 3.09e-05 16.239 33.035 2.690 3.606  14.777 32.312 2.534 3.556  15.256 
it: 0.692 27.597 3.08e-05 16.906 32.942 2.693 3.607  15.022 32.335 2.595 3.561  15.237 
it: 0.693 27.638 3.07e-05 16.394 33.072 2.678 3.596  14.678 31.904 2.501 3.541  15.248 
it: 0.694 27.678 3.06e-05 16.873 35.708 2.645 3.617  15.221 33.760 2.571 3.600  15.268 
it: 0.695 27.718 3.05e-05 16.727 34.581 2.692 3.655  15.312 33.505 2.579 3.603  15.244 
it: 0.696 27.758 3.04e-05 16.604 34.281 2.671 3.567  15.132 32.444 2.534 3.560  15.243 
it: 0.697 27.798 3.03e-05 16.046 33.705 2.640 3.599  14.554 32.573 2.507 3.563  15.226 
it: 0.698 27.838 3.02e-05 16.672 33.429 2.641 3.672  15.221 32.507 2.552 3.605  15.211 
it: 0.699 27.879 3.01e-05 16.460 33.284 2.671 3.611  14.979 32.722 2.562 3.599  15.223 
it: 0.700 27.919 3.00e-05 16.243 32.967 2.619 3.615  14.481 32.099 2.532 3.506  15.235 
it: 0.701 27.959 2.99e-05 16.673 34.289 2.687 3.714  15.218 34.014 2.576 3.617  15.274 
it: 0.702 27.999 2.98e-05 16.344 35.168 2.671 3.613  14.838 33.674 2.546 3.581  15.225 
it: 0.703 28.039 2.97e-05 17.129 34.319 2.696 3.700  15.284 33.151 2.576 3.580  15.224 
it: 0.704 28.079 2.96e-05 16.536 33.037 2.619 3.597  15.114 32.468 2.549 3.535  15.219 
it: 0.705 28.120 2.95e-05 16.694 33.276 2.617 3.579  14.903 32.256 2.502 3.476  15.186 
it: 0.706 28.160 2.94e-05 16.915 35.264 2.677 3.682  14.987 34.023 2.513 3.612  15.201 
it: 0.707 28.200 2.93e-05 17.218 33.827 2.713 3.602  15.423 32.531 2.582 3.510  15.197 
it: 0.708 28.240 2.92e-05 16.900 35.055 2.664 3.629  15.204 34.170 2.557 3.589  15.191 
it: 0.709 28.280 2.91e-05 16.253 33.375 2.598 3.643  14.893 32.660 2.514 3.602  15.210 
it: 0.710 28.321 2.90e-05 16.516 33.934 2.680 3.587  14.667 33.231 2.588 3.553  15.223 
it: 0.711 28.361 2.89e-05 16.336 34.653 2.664 3.644  14.851 32.900 2.565 3.584  15.193 
it: 0.712 28.401 2.88e-05 16.621 34.722 2.694 3.650  14.623 33.967 2.522 3.665  15.185 
it: 0.713 28.441 2.87e-05 16.555 33.251 2.676 3.584  15.131 32.226 2.531 3.562  15.192 
it: 0.714 28.481 2.86e-05 16.720 33.441 2.653 3.596  14.981 32.555 2.515 3.513  15.209 
it: 0.715 28.522 2.85e-05 16.789 34.261 2.673 3.621  14.772 33.283 2.533 3.593  15.210 
it: 0.716 28.562 2.84e-05 17.139 35.434 2.720 3.725  15.487 34.379 2.579 3.602  15.146 
it: 0.717 28.602 2.83e-05 16.361 33.516 2.636 3.646  14.773 33.094 2.560 3.563  15.202 
it: 0.718 28.642 2.82e-05 16.708 33.911 2.700 3.615  15.032 32.912 2.558 3.516  15.167 
it: 0.719 28.682 2.81e-05 17.000 32.963 2.646 3.618  15.111 32.809 2.533 3.595  15.164 
it: 0.720 28.722 2.80e-05 16.154 34.381 2.638 3.626  14.446 33.476 2.504 3.583  15.174 
it: 0.721 28.762 2.79e-05 17.009 34.401 2.713 3.663  15.056 33.532 2.575 3.604  15.141 
it: 0.722 28.803 2.78e-05 16.307 34.564 2.633 3.669  14.791 33.343 2.503 3.621  15.144 
it: 0.723 28.843 2.77e-05 16.561 34.212 2.656 3.586  14.875 32.686 2.542 3.492  15.169 
it: 0.724 28.883 2.76e-05 16.215 33.676 2.614 3.583  14.669 32.201 2.506 3.457  15.187 
it: 0.725 28.923 2.75e-05 17.000 33.822 2.652 3.576  15.127 32.647 2.564 3.542  15.173 
it: 0.726 28.963 2.74e-05 16.371 33.629 2.633 3.696  14.998 32.791 2.529 3.556  15.178 
it: 0.727 29.003 2.73e-05 17.053 33.933 2.678 3.625  15.254 32.599 2.561 3.561  15.114 
it: 0.728 29.044 2.72e-05 16.457 33.327 2.676 3.685  14.742 31.836 2.538 3.592  15.152 
it: 0.729 29.084 2.71e-05 16.321 34.047 2.641 3.627  14.808 33.790 2.485 3.589  15.147 
it: 0.730 29.124 2.70e-05 16.507 33.861 2.647 3.632  14.602 32.523 2.513 3.601  15.104 
it: 0.731 29.164 2.69e-05 16.947 33.188 2.644 3.606  14.939 31.625 2.488 3.518  15.172 
it: 0.732 29.204 2.68e-05 16.813 32.610 2.693 3.688  14.964 32.217 2.550 3.617  15.164 
it: 0.733 29.245 2.67e-05 16.645 33.900 2.644 3.670  14.947 32.918 2.532 3.591  15.158 
it: 0.734 29.285 2.66e-05 16.569 33.958 2.674 3.583  14.610 32.907 2.500 3.520  15.157 
it: 0.735 29.325 2.65e-05 16.745 33.521 2.606 3.586  14.797 32.718 2.494 3.575  15.110 
it: 0.736 29.365 2.64e-05 16.538 33.484 2.658 3.602  14.715 32.614 2.522 3.545  15.115 
it: 0.737 29.405 2.63e-05 16.438 32.958 2.628 3.628  14.490 31.647 2.489 3.529  15.144 
it: 0.738 29.446 2.62e-05 16.764 33.112 2.673 3.556  14.836 32.336 2.539 3.522  15.097 
it: 0.739 29.486 2.61e-05 16.835 33.667 2.756 3.642  15.130 33.283 2.599 3.627  15.122 
it: 0.740 29.526 2.60e-05 16.933 35.059 2.655 3.723  15.448 33.914 2.573 3.673  15.127 
it: 0.741 29.566 2.59e-05 16.986 34.096 2.680 3.649  14.802 32.865 2.503 3.568  15.158 
it: 0.742 29.606 2.58e-05 16.425 34.045 2.666 3.628  14.600 32.598 2.512 3.574  15.096 
it: 0.743 29.646 2.57e-05 16.370 33.931 2.652 3.638  14.978 32.954 2.516 3.592  15.110 
it: 0.744 29.686 2.56e-05 16.592 33.607 2.659 3.685  14.796 32.464 2.514 3.587  15.108 
it: 0.745 29.727 2.55e-05 16.510 33.886 2.662 3.597  14.879 32.260 2.507 3.514  15.070 
it: 0.746 29.767 2.54e-05 16.121 34.214 2.637 3.641  14.729 33.697 2.551 3.612  15.092 
it: 0.747 29.807 2.53e-05 16.548 32.663 2.643 3.611  15.078 32.181 2.542 3.523  15.102 
it: 0.748 29.847 2.52e-05 16.465 33.217 2.685 3.573  15.002 32.566 2.559 3.592  15.077 
it: 0.749 29.887 2.51e-05 16.479 33.684 2.684 3.726  15.240 32.702 2.595 3.651  15.097 
it: 0.750 29.927 2.50e-05 16.950 34.091 2.700 3.661  14.952 33.561 2.594 3.595  15.095 
it: 0.751 29.968 2.49e-05 16.223 33.541 2.645 3.610  14.690 32.764 2.533 3.566  15.036 
it: 0.752 30.008 2.48e-05 16.473 32.100 2.621 3.567  14.713 32.151 2.543 3.514  15.074 
it: 0.753 30.048 2.47e-05 16.643 32.543 2.661 3.628  14.591 32.055 2.501 3.603  15.062 
it: 0.754 30.088 2.46e-05 16.322 33.471 2.655 3.632  14.703 32.536 2.549 3.605  15.078 
it: 0.755 30.128 2.45e-05 16.691 34.434 2.633 3.681  15.163 33.775 2.554 3.605  15.082 
it: 0.756 30.169 2.44e-05 16.752 33.227 2.630 3.641  15.200 32.268 2.570 3.565  15.071 
it: 0.757 30.209 2.43e-05 16.492 33.598 2.679 3.605  14.575 31.767 2.551 3.527  15.025 
it: 0.758 30.249 2.42e-05 16.374 33.652 2.705 3.598  14.913 32.374 2.552 3.531  15.068 
it: 0.759 30.289 2.41e-05 16.329 32.911 2.657 3.597  14.584 32.066 2.496 3.545  15.085 
it: 0.760 30.329 2.40e-05 16.655 33.970 2.666 3.676  15.248 33.791 2.520 3.628  15.060 
it: 0.761 30.369 2.39e-05 16.212 33.901 2.619 3.648  14.616 33.179 2.467 3.572  15.037 
it: 0.762 30.409 2.38e-05 16.847 33.488 2.711 3.563  15.246 32.271 2.603 3.566  15.031 
it: 0.763 30.450 2.37e-05 16.231 33.452 2.594 3.634  14.576 32.103 2.536 3.585  15.041 
it: 0.764 30.490 2.36e-05 16.449 33.598 2.704 3.656  15.078 32.845 2.587 3.574  15.031 
it: 0.765 30.530 2.35e-05 16.175 34.055 2.629 3.556  14.493 33.487 2.510 3.517  15.047 
it: 0.766 30.570 2.34e-05 16.469 33.496 2.591 3.574  14.779 33.189 2.476 3.511  15.017 
it: 0.767 30.610 2.33e-05 16.619 33.497 2.648 3.666  14.950 32.798 2.520 3.580  15.020 
it: 0.768 30.651 2.32e-05 16.820 33.581 2.682 3.651  14.877 32.432 2.514 3.550  15.041 
it: 0.769 30.691 2.31e-05 16.294 33.381 2.606 3.569  14.743 32.406 2.449 3.504  15.049 
it: 0.770 30.731 2.30e-05 16.635 34.071 2.705 3.590  14.938 33.416 2.565 3.532  15.021 
it: 0.771 30.771 2.29e-05 16.412 33.576 2.625 3.643  14.379 32.014 2.502 3.583  15.040 
it: 0.772 30.811 2.28e-05 16.572 34.488 2.707 3.685  14.868 33.893 2.518 3.667  14.992 
it: 0.773 30.852 2.27e-05 16.786 33.677 2.662 3.645  14.803 32.433 2.512 3.545  15.017 
it: 0.774 30.890 2.26e-05 16.696 33.893 2.675 3.699  14.884 32.882 2.557 3.567  14.964 
it: 0.775 30.927 2.25e-05 16.775 33.511 2.677 3.620  14.641 32.750 2.500 3.573  15.026 
it: 0.776 30.964 2.24e-05 16.664 33.248 2.660 3.578  15.102 31.889 2.531 3.513  14.996 
it: 0.777 31.002 2.23e-05 17.104 33.151 2.708 3.604  15.075 32.192 2.565 3.550  14.994 
it: 0.778 31.040 2.22e-05 16.251 33.107 2.645 3.648  14.591 32.803 2.494 3.564  15.025 
it: 0.779 31.078 2.21e-05 16.621 32.975 2.641 3.609  14.504 31.726 2.556 3.521  15.007 
it: 0.780 31.116 2.20e-05 16.686 34.601 2.688 3.641  15.108 33.702 2.572 3.614  15.024 
it: 0.781 31.155 2.19e-05 16.528 32.994 2.672 3.602  14.279 32.722 2.511 3.541  14.978 
it: 0.782 31.193 2.18e-05 16.602 34.582 2.700 3.682  14.949 33.001 2.591 3.557  15.006 
it: 0.783 31.232 2.17e-05 16.373 33.605 2.685 3.639  14.363 32.802 2.493 3.537  15.012 
it: 0.784 31.270 2.16e-05 16.379 32.838 2.684 3.655  14.727 32.208 2.547 3.554  15.014 
it: 0.785 31.309 2.15e-05 16.514 33.276 2.667 3.583  14.744 32.920 2.522 3.512  14.994 
it: 0.786 31.344 2.14e-05 16.033 33.440 2.670 3.643  14.335 32.572 2.519 3.565  14.978 
it: 0.787 31.383 2.13e-05 16.333 32.930 2.677 3.575  14.741 32.729 2.498 3.537  14.967 
it: 0.788 31.421 2.12e-05 16.696 34.153 2.610 3.593  15.036 32.771 2.531 3.550  14.980 
it: 0.789 31.460 2.11e-05 16.065 32.974 2.605 3.552  14.585 32.312 2.510 3.466  14.985 
it: 0.790 31.496 2.10e-05 16.585 33.498 2.669 3.554  14.440 32.509 2.537 3.463  14.955 
it: 0.791 31.533 2.09e-05 16.835 33.158 2.662 3.619  15.066 32.075 2.553 3.557  14.958 
it: 0.792 31.564 2.08e-05 16.355 33.215 2.609 3.619  14.858 31.975 2.485 3.560  14.989 
it: 0.793 31.597 2.07e-05 16.238 33.539 2.655 3.631  14.418 32.591 2.507 3.503  14.990 
it: 0.794 31.635 2.06e-05 16.286 33.844 2.693 3.633  14.482 32.890 2.569 3.566  14.927 
it: 0.795 31.665 2.05e-05 16.282 33.259 2.691 3.676  14.455 32.437 2.490 3.551  14.965 
it: 0.796 31.696 2.04e-05 16.615 33.757 2.695 3.627  14.870 32.873 2.583 3.529  14.966 
it: 0.797 31.732 2.03e-05 16.464 33.706 2.643 3.611  14.731 33.260 2.535 3.547  14.928 
it: 0.798 31.770 2.02e-05 16.043 33.286 2.633 3.613  14.143 32.188 2.541 3.583  14.953 
it: 0.799 31.809 2.01e-05 16.693 32.807 2.653 3.646  14.930 31.982 2.523 3.508  14.943 
it: 0.800 31.847 2.00e-05 16.740 33.774 2.713 3.642  14.968 32.677 2.527 3.524  14.939 
it: 0.801 31.885 1.99e-05 16.232 32.778 2.615 3.576  14.347 31.761 2.503 3.542  14.916 
it: 0.802 31.924 1.98e-05 16.216 33.943 2.642 3.648  14.656 33.268 2.476 3.602  14.952 
it: 0.803 31.963 1.97e-05 16.016 34.043 2.609 3.599  14.403 32.943 2.527 3.441  14.937 
it: 0.804 32.001 1.96e-05 16.357 33.684 2.672 3.583  14.592 32.994 2.539 3.532  14.918 
it: 0.805 32.040 1.95e-05 16.638 32.784 2.698 3.587  14.879 31.235 2.546 3.490  14.912 
it: 0.806 32.078 1.94e-05 16.106 32.585 2.664 3.563  14.499 31.541 2.515 3.457  14.898 
it: 0.807 32.117 1.93e-05 15.845 33.603 2.629 3.569  14.440 32.369 2.476 3.526  14.941 
it: 0.808 32.155 1.92e-05 16.841 33.611 2.654 3.626  14.993 33.081 2.502 3.632  14.922 
it: 0.809 32.194 1.91e-05 16.374 34.198 2.642 3.574  14.854 33.956 2.545 3.587  14.908 
it: 0.810 32.232 1.90e-05 16.232 33.901 2.674 3.613  14.550 32.706 2.519 3.517  14.897 
it: 0.811 32.271 1.89e-05 16.484 33.500 2.675 3.639  14.994 32.493 2.511 3.559  14.898 
it: 0.812 32.310 1.88e-05 16.443 32.850 2.632 3.651  14.804 32.651 2.483 3.558  14.925 
it: 0.813 32.349 1.87e-05 16.827 33.504 2.671 3.642  15.145 33.410 2.536 3.633  14.892 
it: 0.814 32.388 1.86e-05 15.988 32.646 2.590 3.605  14.236 31.558 2.494 3.509  14.891 
it: 0.815 32.427 1.85e-05 16.639 33.690 2.665 3.585  14.980 33.036 2.513 3.555  14.910 
it: 0.816 32.466 1.84e-05 15.994 33.088 2.644 3.634  14.395 32.126 2.530 3.554  14.910 
it: 0.817 32.504 1.83e-05 16.848 33.370 2.682 3.659  15.035 32.278 2.576 3.590  14.887 
it: 0.818 32.543 1.82e-05 16.617 33.012 2.681 3.645  14.471 32.225 2.462 3.566  14.888 
it: 0.819 32.582 1.81e-05 16.548 34.080 2.711 3.615  15.345 33.183 2.601 3.628  14.883 
it: 0.820 32.621 1.80e-05 17.237 33.349 2.711 3.604  15.038 33.037 2.623 3.538  14.902 
it: 0.821 32.660 1.79e-05 16.319 32.962 2.633 3.536  14.402 32.627 2.476 3.513  14.884 
it: 0.822 32.698 1.78e-05 16.672 34.018 2.626 3.637  14.737 32.701 2.521 3.517  14.871 
it: 0.823 32.737 1.77e-05 16.689 35.011 2.664 3.536  14.866 33.747 2.550 3.536  14.869 
it: 0.824 32.776 1.76e-05 16.523 32.503 2.684 3.625  15.033 32.324 2.545 3.581  14.873 
it: 0.825 32.815 1.75e-05 16.236 33.336 2.664 3.590  14.516 32.363 2.526 3.529  14.847 
it: 0.826 32.854 1.74e-05 16.002 33.397 2.639 3.651  14.307 32.687 2.516 3.574  14.868 
it: 0.827 32.892 1.73e-05 16.291 34.615 2.617 3.656  14.715 33.280 2.497 3.564  14.878 
it: 0.828 32.931 1.72e-05 16.448 33.382 2.629 3.548  14.941 32.859 2.547 3.489  14.855 
it: 0.829 32.970 1.71e-05 16.615 33.420 2.644 3.590  15.023 32.888 2.556 3.519  14.840 
it: 0.830 33.009 1.70e-05 16.149 33.744 2.647 3.650  14.306 32.854 2.494 3.563  14.834 
it: 0.831 33.047 1.69e-05 15.738 31.850 2.632 3.542  14.391 31.668 2.512 3.475  14.867 
it: 0.832 33.086 1.68e-05 16.133 32.576 2.648 3.527  14.260 32.514 2.487 3.538  14.846 
it: 0.833 33.125 1.67e-05 16.353 32.742 2.669 3.544  14.547 32.032 2.505 3.560  14.855 
it: 0.834 33.164 1.66e-05 15.746 33.349 2.596 3.610  14.068 32.232 2.472 3.530  14.880 
it: 0.835 33.203 1.65e-05 16.693 32.852 2.684 3.577  15.121 32.445 2.573 3.505  14.849 
it: 0.836 33.241 1.64e-05 16.200 33.237 2.643 3.552  14.723 32.530 2.470 3.517  14.836 
it: 0.837 33.280 1.63e-05 16.872 33.855 2.702 3.648  15.667 33.008 2.596 3.597  14.824 
it: 0.838 33.319 1.62e-05 16.049 33.909 2.651 3.542  14.711 32.972 2.525 3.564  14.820 
it: 0.839 33.358 1.61e-05 16.341 32.997 2.583 3.585  14.832 32.201 2.512 3.477  14.817 
it: 0.840 33.396 1.60e-05 16.547 34.332 2.628 3.631  14.814 33.078 2.466 3.526  14.856 
it: 0.841 33.435 1.59e-05 16.390 32.951 2.649 3.598  14.878 31.711 2.553 3.501  14.826 
it: 0.842 33.474 1.58e-05 16.371 33.244 2.594 3.571  14.730 32.227 2.490 3.571  14.843 
it: 0.843 33.513 1.57e-05 16.616 33.321 2.618 3.595  14.780 32.435 2.489 3.545  14.841 
it: 0.844 33.552 1.56e-05 16.596 32.815 2.623 3.680  14.667 31.735 2.514 3.536  14.834 
it: 0.845 33.590 1.55e-05 16.436 33.803 2.653 3.627  14.937 33.414 2.547 3.580  14.819 
it: 0.846 33.629 1.54e-05 16.096 33.474 2.681 3.675  14.100 32.417 2.514 3.581  14.812 
it: 0.847 33.668 1.53e-05 16.605 33.423 2.653 3.539  14.888 32.887 2.455 3.516  14.802 
it: 0.848 33.707 1.52e-05 16.331 33.602 2.676 3.635  14.831 32.988 2.541 3.535  14.818 
it: 0.849 33.746 1.51e-05 16.532 33.668 2.650 3.629  14.632 33.247 2.529 3.538  14.852 
it: 0.850 33.784 1.50e-05 16.333 33.249 2.668 3.640  14.496 32.491 2.525 3.576  14.763 
it: 0.851 33.823 1.49e-05 16.307 34.416 2.674 3.567  14.694 33.652 2.552 3.535  14.803 
it: 0.852 33.862 1.48e-05 15.842 33.319 2.637 3.629  14.457 32.756 2.511 3.558  14.790 
it: 0.853 33.901 1.47e-05 16.376 33.158 2.641 3.584  14.357 32.215 2.470 3.566  14.820 
it: 0.854 33.939 1.46e-05 16.137 32.518 2.580 3.588  14.358 31.792 2.454 3.498  14.799 
it: 0.855 33.978 1.45e-05 16.105 33.360 2.659 3.528  14.496 32.402 2.524 3.516  14.794 
it: 0.856 34.017 1.44e-05 15.846 33.951 2.644 3.587  14.325 32.971 2.501 3.553  14.777 
it: 0.857 34.056 1.43e-05 15.992 33.437 2.632 3.541  14.445 31.921 2.522 3.484  14.796 
it: 0.858 34.095 1.42e-05 15.854 33.769 2.623 3.635  14.300 32.615 2.518 3.506  14.786 
it: 0.859 34.133 1.41e-05 16.524 32.956 2.650 3.602  14.670 32.109 2.495 3.564  14.777 
it: 0.860 34.172 1.40e-05 16.369 32.462 2.689 3.526  14.605 31.972 2.528 3.476  14.762 
it: 0.861 34.211 1.39e-05 16.240 34.026 2.617 3.655  14.558 32.673 2.509 3.559  14.760 
it: 0.862 34.250 1.38e-05 16.157 33.388 2.656 3.606  14.649 31.926 2.527 3.505  14.767 
it: 0.863 34.288 1.37e-05 16.333 33.594 2.619 3.653  14.632 32.695 2.471 3.629  14.761 
it: 0.864 34.327 1.36e-05 16.169 32.719 2.636 3.531  14.450 32.328 2.463 3.549  14.782 
it: 0.865 34.366 1.35e-05 16.739 33.476 2.626 3.626  14.553 32.926 2.525 3.598  14.789 
it: 0.866 34.405 1.34e-05 16.964 33.424 2.625 3.542  15.007 33.062 2.505 3.556  14.778 
it: 0.867 34.444 1.33e-05 16.391 32.749 2.642 3.581  14.731 31.727 2.549 3.557  14.771 
it: 0.868 34.483 1.32e-05 16.038 33.272 2.633 3.616  14.363 32.343 2.498 3.503  14.782 
it: 0.869 34.521 1.31e-05 16.089 33.493 2.626 3.599  14.338 32.876 2.496 3.505  14.779 
it: 0.870 34.560 1.30e-05 16.189 33.097 2.574 3.712  14.492 32.729 2.475 3.580  14.750 
it: 0.871 34.599 1.29e-05 16.248 33.145 2.615 3.540  14.714 31.963 2.476 3.468  14.736 
it: 0.872 34.638 1.28e-05 16.332 33.579 2.640 3.593  14.452 33.315 2.459 3.494  14.749 
it: 0.873 34.676 1.27e-05 16.275 33.800 2.632 3.643  14.301 32.938 2.485 3.579  14.744 
it: 0.874 34.715 1.26e-05 16.627 33.491 2.673 3.599  14.712 33.088 2.559 3.529  14.726 
it: 0.875 34.754 1.25e-05 16.819 33.339 2.627 3.572  15.041 32.423 2.451 3.509  14.742 
it: 0.876 34.793 1.24e-05 15.952 33.527 2.659 3.642  14.843 32.713 2.543 3.598  14.738 
it: 0.877 34.832 1.23e-05 17.271 34.118 2.698 3.697  15.522 33.544 2.546 3.614  14.750 
it: 0.878 34.870 1.22e-05 16.252 33.694 2.591 3.576  14.655 32.429 2.489 3.542  14.735 
it: 0.879 34.909 1.21e-05 16.194 33.239 2.628 3.524  14.355 32.877 2.495 3.515  14.708 
it: 0.880 34.948 1.20e-05 16.441 33.488 2.627 3.574  14.816 32.210 2.547 3.569  14.709 
it: 0.881 34.987 1.19e-05 16.224 34.840 2.616 3.581  14.394 33.332 2.492 3.559  14.734 
it: 0.882 35.025 1.18e-05 15.977 34.262 2.587 3.648  14.522 32.851 2.516 3.573  14.707 
it: 0.883 35.064 1.17e-05 16.151 33.555 2.605 3.562  14.335 32.483 2.462 3.495  14.700 
it: 0.884 35.103 1.16e-05 16.200 33.317 2.615 3.613  14.298 32.911 2.503 3.542  14.726 
it: 0.885 35.142 1.15e-05 16.494 33.259 2.628 3.573  14.866 32.831 2.502 3.526  14.695 
it: 0.886 35.181 1.14e-05 15.938 33.748 2.570 3.645  14.623 32.316 2.489 3.569  14.669 
it: 0.887 35.219 1.13e-05 16.590 33.609 2.659 3.622  14.709 32.665 2.515 3.578  14.708 
it: 0.888 35.258 1.12e-05 16.525 32.850 2.641 3.579  14.688 32.092 2.533 3.498  14.703 
it: 0.889 35.297 1.11e-05 16.017 32.774 2.650 3.620  14.090 31.896 2.495 3.542  14.683 
it: 0.890 35.336 1.10e-05 16.148 34.308 2.656 3.581  14.672 33.278 2.524 3.527  14.689 
it: 0.891 35.374 1.09e-05 16.050 33.178 2.617 3.571  14.447 32.228 2.491 3.468  14.703 
it: 0.892 35.413 1.08e-05 15.936 33.680 2.642 3.649  14.288 32.768 2.489 3.577  14.688 
it: 0.893 35.452 1.07e-05 16.391 33.489 2.580 3.627  14.583 32.891 2.478 3.562  14.710 
it: 0.894 35.490 1.06e-05 16.732 33.323 2.610 3.596  14.799 32.319 2.490 3.491  14.683 
it: 0.895 35.529 1.05e-05 15.988 33.243 2.648 3.638  14.479 32.391 2.487 3.628  14.711 
it: 0.896 35.568 1.04e-05 16.429 33.368 2.633 3.643  14.724 32.125 2.523 3.509  14.694 
it: 0.897 35.607 1.03e-05 15.995 32.826 2.580 3.633  14.096 31.317 2.458 3.507  14.696 
it: 0.898 35.646 1.02e-05 16.377 33.217 2.610 3.642  14.424 32.485 2.499 3.496  14.710 
it: 0.899 35.684 1.01e-05 16.294 33.469 2.648 3.633  14.863 32.517 2.523 3.560  14.684 
it: 0.900 35.723 1.00e-05 16.236 33.394 2.624 3.585  14.494 32.631 2.495 3.500  14.699 
it: 0.901 35.762 9.90e-06 15.926 33.804 2.617 3.635  14.114 32.594 2.494 3.543  14.668 
it: 0.902 35.801 9.80e-06 15.969 32.701 2.603 3.608  14.205 32.457 2.481 3.512  14.664 
it: 0.903 35.839 9.70e-06 16.488 33.254 2.611 3.607  14.198 32.513 2.462 3.605  14.668 
it: 0.904 35.878 9.60e-06 16.074 33.148 2.636 3.571  14.192 32.499 2.487 3.532  14.651 
it: 0.905 35.917 9.50e-06 15.752 33.564 2.636 3.561  13.918 33.131 2.479 3.465  14.665 
it: 0.906 35.956 9.40e-06 16.339 33.830 2.643 3.649  14.917 33.018 2.515 3.619  14.661 
it: 0.907 35.995 9.30e-06 16.109 34.002 2.608 3.601  14.475 33.036 2.495 3.543  14.656 
it: 0.908 36.034 9.20e-06 15.786 33.017 2.599 3.610  14.114 31.279 2.464 3.517  14.666 
it: 0.909 36.072 9.10e-06 15.987 33.426 2.556 3.565  14.076 32.628 2.459 3.529  14.650 
it: 0.910 36.111 9.00e-06 16.347 32.758 2.646 3.591  14.343 31.909 2.484 3.484  14.637 
it: 0.911 36.150 8.90e-06 16.198 33.380 2.609 3.610  14.662 33.103 2.474 3.503  14.656 
it: 0.912 36.189 8.80e-06 16.143 33.493 2.628 3.607  14.228 32.636 2.453 3.583  14.648 
it: 0.913 36.227 8.70e-06 16.418 33.195 2.621 3.633  14.690 32.048 2.509 3.534  14.634 
it: 0.914 36.266 8.60e-06 15.830 33.629 2.633 3.614  14.244 32.482 2.501 3.605  14.642 
it: 0.915 36.305 8.50e-06 15.958 33.422 2.608 3.607  14.170 32.092 2.483 3.530  14.631 
it: 0.916 36.344 8.40e-06 15.879 33.667 2.565 3.568  14.054 33.084 2.494 3.596  14.621 
it: 0.917 36.382 8.30e-06 16.148 33.596 2.583 3.547  14.459 32.300 2.496 3.511  14.641 
it: 0.918 36.421 8.20e-06 16.032 32.646 2.675 3.562  14.513 31.983 2.476 3.458  14.643 
it: 0.919 36.460 8.10e-06 16.563 33.246 2.653 3.562  14.628 32.381 2.496 3.489  14.644 
it: 0.920 36.499 8.00e-06 16.025 32.865 2.616 3.604  14.262 31.480 2.496 3.477  14.603 
it: 0.921 36.538 7.90e-06 16.254 34.315 2.615 3.580  14.357 32.676 2.466 3.540  14.610 
it: 0.922 36.576 7.80e-06 15.895 33.284 2.600 3.527  14.143 32.678 2.453 3.490  14.639 
it: 0.923 36.615 7.70e-06 16.516 33.121 2.620 3.593  14.641 32.527 2.516 3.551  14.598 
it: 0.924 36.654 7.60e-06 16.469 33.641 2.580 3.636  14.535 32.677 2.465 3.569  14.629 
it: 0.925 36.693 7.50e-06 16.018 32.482 2.642 3.628  14.200 31.495 2.482 3.535  14.625 
it: 0.926 36.732 7.40e-06 16.389 33.147 2.638 3.548  14.555 31.795 2.486 3.498  14.634 
it: 0.927 36.770 7.30e-06 16.368 33.891 2.621 3.544  14.439 33.008 2.472 3.539  14.624 
it: 0.928 36.809 7.20e-06 16.220 32.665 2.609 3.566  14.681 32.063 2.482 3.567  14.599 
it: 0.929 36.848 7.10e-06 15.842 33.554 2.585 3.590  14.262 32.453 2.480 3.514  14.609 
it: 0.930 36.886 7.00e-06 16.456 33.306 2.587 3.673  14.526 32.373 2.477 3.582  14.624 
it: 0.931 36.925 6.90e-06 16.200 33.299 2.592 3.602  14.275 33.079 2.457 3.553  14.626 
it: 0.932 36.964 6.80e-06 16.449 33.835 2.673 3.554  14.710 32.902 2.478 3.524  14.599 
it: 0.933 37.002 6.70e-06 15.925 33.658 2.666 3.554  14.370 32.698 2.483 3.505  14.591 
it: 0.934 37.041 6.60e-06 15.834 32.696 2.581 3.648  14.356 32.150 2.489 3.528  14.598 
it: 0.935 37.080 6.50e-06 16.273 33.223 2.624 3.594  14.459 32.054 2.447 3.514  14.592 
it: 0.936 37.117 6.40e-06 15.658 34.036 2.619 3.552  14.110 32.722 2.496 3.500  14.573 
it: 0.937 37.156 6.30e-06 16.461 33.875 2.596 3.622  14.853 32.382 2.502 3.552  14.606 
it: 0.938 37.195 6.20e-06 16.060 33.142 2.652 3.580  14.306 32.115 2.478 3.523  14.592 
it: 0.939 37.233 6.10e-06 16.554 33.927 2.672 3.579  14.695 32.764 2.528 3.493  14.598 
it: 0.940 37.272 6.00e-06 16.260 33.477 2.655 3.624  14.336 32.369 2.513 3.544  14.570 
it: 0.941 37.311 5.90e-06 16.023 33.236 2.535 3.615  14.414 31.968 2.453 3.542  14.584 
it: 0.942 37.349 5.80e-06 15.935 32.917 2.581 3.576  14.364 32.361 2.441 3.496  14.565 
it: 0.943 37.388 5.70e-06 16.090 33.181 2.644 3.577  14.581 32.022 2.502 3.498  14.560 
it: 0.944 37.427 5.60e-06 16.262 32.885 2.664 3.617  14.794 32.065 2.552 3.605  14.562 
it: 0.945 37.466 5.50e-06 16.396 33.038 2.605 3.584  14.611 31.717 2.477 3.561  14.537 
it: 0.946 37.504 5.40e-06 16.467 33.809 2.645 3.652  14.487 33.091 2.463 3.554  14.578 
it: 0.947 37.543 5.30e-06 15.941 33.229 2.628 3.584  14.228 33.026 2.456 3.533  14.540 
it: 0.948 37.582 5.20e-06 16.145 34.208 2.624 3.611  14.144 33.342 2.465 3.593  14.568 
it: 0.949 37.621 5.10e-06 16.610 32.591 2.623 3.617  14.665 32.452 2.483 3.544  14.553 
it: 0.950 37.660 5.00e-06 15.929 33.468 2.588 3.565  14.076 32.780 2.493 3.567  14.576 
it: 0.951 37.698 4.90e-06 16.060 33.698 2.603 3.597  14.644 32.539 2.494 3.525  14.538 
it: 0.952 37.737 4.80e-06 15.779 33.031 2.611 3.578  14.215 31.955 2.471 3.547  14.552 
it: 0.953 37.776 4.70e-06 16.499 34.239 2.609 3.598  14.442 33.537 2.494 3.543  14.564 
it: 0.954 37.814 4.60e-06 16.342 33.056 2.632 3.602  14.676 32.075 2.504 3.548  14.554 
it: 0.955 37.853 4.50e-06 16.204 33.203 2.571 3.553  14.458 32.375 2.465 3.536  14.539 
it: 0.956 37.892 4.40e-06 16.754 32.645 2.643 3.586  14.516 31.967 2.478 3.506  14.538 
it: 0.957 37.930 4.30e-06 16.067 32.468 2.638 3.513  14.244 31.635 2.477 3.475  14.541 
it: 0.958 37.969 4.20e-06 16.749 33.405 2.619 3.596  15.026 32.491 2.475 3.565  14.549 
it: 0.959 38.008 4.10e-06 16.332 32.475 2.635 3.520  14.487 32.291 2.499 3.493  14.517 
it: 0.960 38.047 4.00e-06 16.590 33.723 2.698 3.653  14.549 32.894 2.484 3.601  14.541 
it: 0.961 38.085 3.90e-06 16.564 33.713 2.634 3.600  14.603 31.946 2.480 3.556  14.522 
it: 0.962 38.124 3.80e-06 15.960 33.203 2.602 3.622  14.230 32.657 2.483 3.536  14.514 
it: 0.963 38.163 3.70e-06 15.996 33.777 2.544 3.625  14.489 32.607 2.403 3.590  14.544 
it: 0.964 38.202 3.60e-06 16.189 32.915 2.590 3.557  14.390 32.198 2.443 3.478  14.500 
it: 0.965 38.240 3.50e-06 15.630 32.547 2.586 3.578  14.147 32.444 2.411 3.533  14.517 
it: 0.966 38.279 3.40e-06 16.439 33.994 2.618 3.586  14.582 32.505 2.507 3.505  14.506 
it: 0.967 38.317 3.30e-06 15.294 32.906 2.545 3.528  13.721 32.224 2.423 3.572  14.498 
it: 0.968 38.356 3.20e-06 15.905 33.588 2.670 3.641  14.138 31.933 2.485 3.495  14.515 
it: 0.969 38.395 3.10e-06 15.741 33.782 2.627 3.569  14.379 32.262 2.504 3.480  14.519 
it: 0.970 38.433 3.00e-06 15.925 33.546 2.552 3.592  14.403 32.274 2.441 3.548  14.504 
it: 0.971 38.472 2.90e-06 15.792 33.293 2.635 3.521  14.176 32.423 2.457 3.505  14.512 
it: 0.972 38.510 2.80e-06 16.188 33.416 2.602 3.574  14.620 32.574 2.486 3.532  14.507 
it: 0.973 38.549 2.70e-06 15.998 33.497 2.574 3.575  13.997 32.612 2.437 3.568  14.515 
it: 0.974 38.588 2.60e-06 15.912 32.670 2.617 3.607  14.251 31.865 2.460 3.543  14.501 
it: 0.975 38.627 2.50e-06 16.150 33.121 2.609 3.600  14.442 32.273 2.471 3.535  14.501 
it: 0.976 38.666 2.40e-06 16.006 33.780 2.595 3.649  14.439 33.001 2.502 3.537  14.494 
it: 0.977 38.704 2.30e-06 16.009 34.033 2.590 3.627  14.390 33.054 2.446 3.624  14.495 
it: 0.978 38.743 2.20e-06 15.842 32.841 2.580 3.523  14.282 31.328 2.451 3.478  14.504 
it: 0.979 38.781 2.10e-06 15.936 33.014 2.580 3.553  14.404 32.581 2.469 3.534  14.501 
it: 0.980 38.820 2.00e-06 16.095 32.912 2.586 3.617  14.211 32.210 2.458 3.560  14.499 
it: 0.981 38.859 1.90e-06 16.081 33.436 2.596 3.612  14.264 32.459 2.466 3.546  14.490 
it: 0.982 38.897 1.80e-06 16.009 32.999 2.595 3.564  14.317 32.424 2.448 3.539  14.473 
it: 0.983 38.936 1.70e-06 15.927 33.948 2.605 3.633  14.052 32.367 2.442 3.545  14.494 
it: 0.984 38.975 1.60e-06 15.753 34.223 2.619 3.602  14.076 33.095 2.481 3.453  14.483 
it: 0.985 39.014 1.50e-06 16.252 32.035 2.603 3.583  14.588 31.488 2.485 3.526  14.465 
it: 0.986 39.053 1.40e-06 16.207 33.113 2.579 3.562  14.653 31.876 2.479 3.515  14.485 
it: 0.987 39.092 1.30e-06 16.132 33.606 2.585 3.569  14.045 32.686 2.416 3.473  14.434 
it: 0.988 39.131 1.20e-06 16.043 33.200 2.630 3.673  14.355 32.073 2.455 3.548  14.494 
it: 0.989 39.171 1.10e-06 15.917 33.423 2.580 3.571  14.069 33.302 2.420 3.508  14.465 
it: 0.990 39.210 1.00e-06 15.636 32.505 2.547 3.628  13.843 32.078 2.438 3.538  14.475 
it: 0.991 39.250 9.00e-07 15.849 32.866 2.603 3.551  14.093 32.118 2.454 3.496  14.489 
it: 0.992 39.290 8.00e-07 15.982 32.741 2.581 3.585  14.333 32.300 2.480 3.579  14.442 
it: 0.993 39.331 7.00e-07 16.282 33.456 2.624 3.621  14.111 31.884 2.456 3.556  14.454 
it: 0.994 39.371 6.00e-07 16.027 33.174 2.610 3.614  14.439 32.411 2.501 3.507  14.444 
it: 0.995 39.411 5.00e-07 15.579 33.400 2.582 3.615  14.090 32.469 2.446 3.534  14.479 
it: 0.996 39.451 4.00e-07 16.086 34.266 2.575 3.519  14.328 32.387 2.415 3.480  14.471 
it: 0.997 39.491 3.00e-07 16.380 33.328 2.622 3.587  14.315 32.060 2.465 3.521  14.468 
it: 0.998 39.532 2.00e-07 16.022 33.210 2.630 3.531  14.288 32.173 2.482 3.498  14.425 
it: 0.999 39.572 1.00e-07 16.410 33.123 2.623 3.587  14.688 32.789 2.443 3.528  14.437 
it: 1.000 39.612 -1.58e-18 15.594 34.106 2.600 3.610  14.102 33.257 2.431 3.501  14.465 

