Config *****   INC_win: 1
Config *****   SIG: 0
Config *****   add_len: 0
Config *****   att: 9
Config *****   batch_size: 100
Config *****   d_lr: 1e-08
Config *****   feature_len: 20
Config *****   loop: 10
Config *****   lr: 0.0001
Config *****   memory_size: 100000
Config *****   multi: 1
Config *****   netFile: kitti_9
Config *****   nodes_0_base: 1024, 128
Config *****   nodes_1_out: 32
Config *****   nodes_2_feature: 32
Config *****   num_output: 3
Config *****   t_scale: 10
Config *****   te: p_files/kitty_02_Test_cv_s3_2.p
Config *****   tr: p_files/kitty_00_Train_cv_s3_2.p
loading /home/weihao/Projects/p_files/kitty_00_Train_cv_s3_2.p 0:00:44.595650 27234 27234 589 10.4780087897
Saving averages: /home/weihao/Projects/my_nets/fc/../../NNs/kitti_9_fc_avg.p
0 -0.0184571465634 0.437587300242
1 -0.148160065576 0.452617019858
2 -0.0197412769929 0.433858247211
3 -0.148655766687 0.450859829724
4 126.833272084 64.9100426759
5 0.432904853605 0.199554492157
6 3.27143769242 1.78455532594
7 5.11004231967 6.9288501717
8 5.11189527122 6.91173383515
loading /home/weihao/Projects/p_files/kitty_02_Test_cv_s3_2.p 0:00:38.198810 27954 4192 494 10.3886589781
loading /home/weihao/Projects/p_files/kitty_00_Train_cv_s3_2.p 0:00:44.450483 27234 2704 589 10.4780087897
Reading average file /home/weihao/Projects/my_nets/fc/../../NNs/kitti_9_fc_avg.p
Reading average file /home/weihao/Projects/my_nets/fc/../../NNs/kitti_9_fc_avg.p
Reading average file /home/weihao/Projects/my_nets/fc/../../NNs/kitti_9_fc_avg.p
input attribute 9 LR 0.0001 feature 20 add 0
feature_0 9 32
base_0 160 1024
base_1 1024 128
out_0 128 32
out 32 3
output 20
it: 0.000 0.000 1.00e-04 652.627 461.293 6.022 5.821  652.317 461.221 6.036 5.806  
it: 0.010 0.045 9.99e-05 91.694 96.039 5.840 5.444  74.885 80.232 5.435 5.156  242.117 
it: 0.020 0.089 9.98e-05 52.967 53.031 4.935 4.682  44.102 44.972 4.734 4.341  66.178 
it: 0.030 0.133 9.97e-05 50.761 47.443 5.187 4.865  45.597 43.475 5.093 4.722  46.415 
it: 0.040 0.177 9.96e-05 38.408 37.872 4.305 4.057  35.943 32.381 4.061 3.852  39.649 
it: 0.050 0.221 9.95e-05 36.116 32.343 4.295 3.906  33.873 29.789 4.180 3.817  36.212 
it: 0.060 0.265 9.94e-05 32.221 28.118 3.847 3.511  29.793 25.773 3.700 3.456  34.451 
it: 0.070 0.309 9.93e-05 31.271 27.318 3.800 3.453  29.566 25.084 3.672 3.356  33.083 
it: 0.080 0.353 9.92e-05 30.411 26.318 3.736 3.451  29.288 24.354 3.665 3.306  32.397 
it: 0.090 0.397 9.91e-05 30.939 26.040 3.759 3.387  30.086 25.127 3.714 3.337  31.842 
it: 0.100 0.441 9.90e-05 31.007 25.902 3.739 3.360  30.753 25.181 3.725 3.340  31.399 
it: 0.110 0.485 9.89e-05 26.363 21.777 3.346 3.114  24.741 21.943 3.277 3.264  29.222 
it: 0.120 0.529 9.88e-05 21.167 21.723 3.124 3.045  19.634 19.113 2.997 3.033  22.866 
it: 0.130 0.573 9.87e-05 19.826 19.071 2.901 2.794  18.840 18.088 2.711 2.747  20.328 
it: 0.140 0.617 9.86e-05 21.105 19.349 3.035 2.910  21.072 18.823 3.137 2.961  19.231 
it: 0.150 0.661 9.85e-05 17.928 15.989 2.607 2.584  16.946 15.116 2.497 2.466  18.580 
it: 0.160 0.705 9.84e-05 17.842 17.078 2.654 2.528  17.815 15.744 2.561 2.496  18.242 
it: 0.170 0.749 9.83e-05 18.194 17.337 2.795 2.725  18.017 16.527 2.799 2.709  17.796 
it: 0.180 0.793 9.82e-05 16.323 15.805 2.419 2.393  15.710 14.466 2.351 2.277  17.456 
it: 0.190 0.837 9.81e-05 17.676 15.343 2.548 2.492  18.011 15.750 2.638 2.536  17.269 
it: 0.200 0.881 9.80e-05 15.862 14.336 2.369 2.289  15.468 13.649 2.346 2.257  17.066 
it: 0.210 0.925 9.79e-05 16.012 14.276 2.446 2.373  15.053 13.799 2.370 2.352  16.912 
it: 0.220 0.969 9.78e-05 15.111 14.293 2.354 2.251  15.066 13.241 2.230 2.164  16.736 
it: 0.230 1.013 9.77e-05 15.524 13.626 2.406 2.240  14.532 13.533 2.270 2.208  16.497 
it: 0.240 1.057 9.76e-05 17.067 15.501 2.364 2.246  16.993 15.548 2.292 2.189  16.415 
it: 0.250 1.101 9.75e-05 15.377 14.405 2.303 2.227  14.563 13.446 2.201 2.182  16.331 
it: 0.260 1.144 9.74e-05 15.898 15.404 2.474 2.438  15.132 14.103 2.438 2.368  16.190 
it: 0.270 1.189 9.73e-05 15.894 14.402 2.285 2.236  15.465 14.060 2.233 2.170  16.003 
it: 0.280 1.234 9.72e-05 14.358 13.164 2.209 2.170  13.915 12.882 2.167 2.110  15.939 
it: 0.290 1.278 9.71e-05 15.661 14.738 2.345 2.291  15.429 14.141 2.359 2.291  15.822 
it: 0.300 1.321 9.70e-05 14.702 13.570 2.232 2.160  14.484 12.979 2.168 2.077  15.680 
it: 0.310 1.365 9.69e-05 13.802 12.898 2.185 2.097  13.630 12.476 2.154 2.075  15.457 
it: 0.320 1.409 9.68e-05 13.034 12.622 2.270 2.242  12.129 12.107 2.200 2.176  14.509 
it: 0.330 1.452 9.67e-05 11.726 11.038 2.057 2.084  10.899 10.766 1.919 2.032  12.093 
it: 0.340 1.495 9.66e-05 11.177 10.888 1.995 2.024  9.394 9.823 1.847 1.913  10.510 
it: 0.350 1.539 9.65e-05 10.008 9.931 1.812 1.917  8.223 8.178 1.651 1.759  9.675 
it: 0.360 1.583 9.64e-05 9.846 9.984 1.795 1.861  9.155 9.127 1.742 1.822  9.301 
it: 0.370 1.627 9.63e-05 9.225 9.364 1.803 1.870  8.327 8.608 1.798 1.874  8.888 
it: 0.380 1.671 9.62e-05 9.306 9.282 1.735 1.761  8.034 7.881 1.535 1.616  8.577 
it: 0.390 1.716 9.61e-05 8.579 8.582 1.670 1.724  7.218 7.191 1.498 1.596  8.329 
it: 0.400 1.759 9.60e-05 8.368 8.086 1.640 1.690  7.295 7.352 1.597 1.679  8.134 
it: 0.410 1.803 9.59e-05 9.523 9.343 1.684 1.724  8.629 8.127 1.536 1.646  7.951 
it: 0.420 1.846 9.58e-05 9.102 8.519 1.744 1.775  8.363 8.346 1.677 1.758  7.797 
it: 0.430 1.890 9.57e-05 9.027 8.128 1.642 1.697  8.084 7.572 1.515 1.611  7.654 
it: 0.440 1.933 9.56e-05 7.279 7.128 1.532 1.576  6.094 5.960 1.379 1.447  7.577 
it: 0.450 1.977 9.55e-05 7.559 8.476 1.522 1.568  6.249 6.011 1.387 1.455  7.435 
it: 0.460 2.021 9.54e-05 7.540 8.386 1.504 1.619  5.838 6.565 1.450 1.542  7.287 
it: 0.470 2.064 9.53e-05 7.319 7.473 1.536 1.629  6.457 6.071 1.491 1.547  7.198 
it: 0.480 2.108 9.52e-05 8.260 8.655 1.830 1.910  7.344 6.801 1.737 1.730  7.131 
it: 0.490 2.151 9.51e-05 7.233 7.050 1.499 1.542  5.698 5.588 1.321 1.384  7.015 
it: 0.500 2.195 9.50e-05 7.204 6.865 1.438 1.483  5.719 5.596 1.252 1.335  6.947 
it: 0.510 2.239 9.49e-05 7.724 7.769 1.559 1.617  6.308 6.147 1.452 1.494  6.831 
it: 0.520 2.282 9.48e-05 7.805 8.450 1.524 1.576  6.858 6.672 1.346 1.432  6.776 
it: 0.530 2.326 9.47e-05 6.655 6.894 1.437 1.524  5.941 5.552 1.359 1.412  6.689 
it: 0.540 2.369 9.46e-05 6.351 6.486 1.386 1.413  4.928 5.016 1.207 1.261  6.684 
it: 0.550 2.413 9.45e-05 7.618 8.511 1.626 1.716  6.945 8.050 1.490 1.623  6.519 
it: 0.560 2.456 9.44e-05 7.152 7.239 1.454 1.524  6.048 5.814 1.294 1.367  6.418 
it: 0.570 2.500 9.43e-05 6.500 7.006 1.499 1.570  5.534 5.717 1.430 1.472  6.449 
it: 0.580 2.543 9.42e-05 7.426 7.387 1.438 1.518  5.991 6.330 1.363 1.442  6.410 
it: 0.590 2.587 9.41e-05 6.404 6.584 1.370 1.429  5.083 5.057 1.205 1.274  6.375 
it: 0.600 2.631 9.40e-05 7.103 7.001 1.517 1.574  5.694 6.320 1.475 1.466  6.232 
it: 0.610 2.675 9.39e-05 6.525 6.682 1.436 1.469  5.361 5.752 1.351 1.384  6.141 
it: 0.620 2.719 9.38e-05 6.309 6.405 1.353 1.379  5.041 5.400 1.193 1.251  6.159 
it: 0.630 2.763 9.37e-05 5.994 6.514 1.320 1.411  4.717 5.233 1.169 1.264  6.152 
it: 0.640 2.806 9.36e-05 6.769 7.460 1.526 1.665  5.835 6.826 1.490 1.550  5.990 
it: 0.650 2.850 9.35e-05 6.205 6.355 1.367 1.417  4.844 5.581 1.163 1.250  6.043 
it: 0.660 2.894 9.34e-05 6.179 6.291 1.349 1.433  5.199 5.292 1.254 1.284  6.032 
it: 0.670 2.937 9.33e-05 6.058 6.784 1.400 1.424  5.144 5.800 1.220 1.302  5.876 
it: 0.680 2.981 9.32e-05 6.097 6.040 1.291 1.364  4.893 5.165 1.187 1.216  5.928 
it: 0.690 3.024 9.31e-05 6.458 6.057 1.370 1.397  5.454 5.748 1.218 1.279  5.817 
it: 0.700 3.067 9.30e-05 6.126 6.363 1.313 1.397  4.845 5.599 1.132 1.236  5.790 
it: 0.710 3.112 9.29e-05 5.417 5.911 1.270 1.345  4.083 4.946 1.135 1.200  5.720 
it: 0.720 3.156 9.28e-05 6.161 6.102 1.330 1.392  4.861 4.995 1.217 1.252  5.793 
it: 0.730 3.199 9.27e-05 6.249 6.169 1.461 1.525  5.496 5.194 1.363 1.412  5.590 
it: 0.740 3.243 9.26e-05 5.849 5.960 1.333 1.381  4.329 4.670 1.176 1.214  5.590 
it: 0.750 3.287 9.25e-05 5.852 6.310 1.425 1.487  5.027 4.944 1.283 1.335  5.535 
it: 0.760 3.330 9.24e-05 5.555 5.782 1.274 1.342  4.662 4.759 1.163 1.192  5.593 
it: 0.770 3.374 9.23e-05 6.066 6.067 1.324 1.407  4.955 5.438 1.180 1.271  5.488 
it: 0.780 3.418 9.22e-05 6.552 6.843 1.375 1.423  5.900 7.766 1.284 1.349  5.412 
it: 0.790 3.461 9.21e-05 6.399 6.823 1.461 1.497  5.431 6.081 1.391 1.391  5.447 
it: 0.800 3.505 9.20e-05 5.430 5.743 1.262 1.325  4.126 4.745 1.100 1.199  5.441 
it: 0.810 3.548 9.19e-05 5.538 6.034 1.258 1.313  4.332 5.073 1.120 1.183  5.343 
it: 0.820 3.592 9.18e-05 5.426 5.884 1.237 1.341  4.454 7.044 1.145 1.193  5.243 
it: 0.830 3.635 9.17e-05 5.977 6.504 1.389 1.450  4.725 5.250 1.299 1.351  5.286 
it: 0.840 3.679 9.16e-05 5.577 5.819 1.290 1.328  4.313 5.105 1.145 1.211  5.193 
it: 0.850 3.723 9.15e-05 5.697 5.691 1.317 1.309  4.739 4.958 1.168 1.226  5.205 
it: 0.860 3.766 9.14e-05 5.702 6.068 1.305 1.389  4.827 4.974 1.199 1.258  5.168 
it: 0.870 3.810 9.13e-05 5.792 5.770 1.341 1.364  4.728 4.874 1.260 1.291  5.115 
it: 0.880 3.853 9.12e-05 5.417 6.476 1.302 1.358  4.350 5.274 1.171 1.221  5.071 
it: 0.890 3.897 9.11e-05 6.150 6.378 1.340 1.400  4.850 5.347 1.185 1.282  5.105 
it: 0.900 3.941 9.10e-05 5.473 6.470 1.310 1.377  4.171 5.651 1.200 1.226  5.106 
it: 0.910 3.986 9.09e-05 5.305 5.711 1.267 1.350  4.460 4.857 1.176 1.240  4.948 
it: 0.920 4.031 9.08e-05 5.856 6.304 1.368 1.412  5.237 5.648 1.268 1.288  4.910 
it: 0.930 4.075 9.07e-05 5.208 5.502 1.218 1.268  3.918 4.480 1.078 1.132  4.928 
it: 0.940 4.119 9.06e-05 5.107 5.662 1.245 1.297  4.197 4.850 1.107 1.132  4.815 
it: 0.950 4.162 9.05e-05 5.176 5.831 1.249 1.308  3.702 5.063 1.111 1.173  4.865 
it: 0.960 4.206 9.04e-05 4.683 5.371 1.202 1.269  3.479 4.102 1.043 1.132  4.892 
it: 0.970 4.250 9.03e-05 7.266 6.102 1.364 1.383  5.387 6.667 1.275 1.344  4.841 
it: 0.980 4.293 9.02e-05 5.126 6.025 1.290 1.346  3.919 5.233 1.119 1.168  4.763 
it: 0.990 4.337 9.01e-05 5.255 5.726 1.273 1.320  4.145 4.658 1.169 1.220  4.746 
it: 1.000 4.380 9.00e-05 6.431 6.706 1.589 1.618  5.639 6.073 1.555 1.512  4.708 
it: 1.010 4.424 8.99e-05 5.386 5.795 1.241 1.330  3.875 5.409 1.085 1.169  4.703 
it: 1.020 4.468 8.98e-05 5.239 5.499 1.306 1.347  3.931 4.782 1.176 1.238  4.753 
it: 1.030 4.512 8.97e-05 5.111 5.703 1.279 1.350  3.939 4.514 1.176 1.253  4.621 
it: 1.040 4.556 8.96e-05 5.581 5.803 1.305 1.366  4.373 4.941 1.141 1.180  4.642 
it: 1.050 4.600 8.95e-05 5.122 5.634 1.199 1.290  3.842 4.731 1.087 1.153  4.586 
it: 1.060 4.643 8.94e-05 4.695 4.868 1.213 1.250  3.362 3.951 1.064 1.131  4.577 
it: 1.070 4.687 8.93e-05 4.912 5.503 1.235 1.258  3.859 4.766 1.078 1.123  4.528 
it: 1.080 4.730 8.92e-05 5.498 5.815 1.309 1.378  3.972 4.653 1.193 1.264  4.589 
it: 1.090 4.773 8.91e-05 4.828 5.726 1.248 1.278  3.835 5.168 1.117 1.177  4.495 
it: 1.100 4.818 8.90e-05 5.051 5.490 1.184 1.267  4.396 5.015 1.067 1.128  4.484 
it: 1.110 4.861 8.89e-05 4.969 5.803 1.207 1.291  4.004 4.805 1.084 1.144  4.518 
it: 1.120 4.905 8.88e-05 4.659 5.252 1.193 1.251  3.172 4.467 1.049 1.095  4.403 
it: 1.130 4.948 8.87e-05 4.750 5.066 1.184 1.213  3.556 3.907 1.064 1.102  4.506 
it: 1.140 4.992 8.86e-05 4.548 5.104 1.172 1.230  3.033 3.973 1.050 1.109  4.386 
it: 1.150 5.035 8.85e-05 4.442 4.908 1.159 1.198  3.533 3.911 1.003 1.043  4.426 
it: 1.160 5.079 8.84e-05 4.670 5.011 1.180 1.210  3.196 4.061 1.048 1.103  4.378 
it: 1.170 5.122 8.83e-05 4.548 5.076 1.215 1.211  3.515 4.367 1.047 1.085  4.285 
it: 1.180 5.166 8.82e-05 5.090 5.849 1.258 1.338  4.251 5.040 1.104 1.197  4.237 
it: 1.190 5.210 8.81e-05 4.394 5.228 1.231 1.291  3.676 4.156 1.126 1.164  4.294 
it: 1.200 5.253 8.80e-05 5.318 5.807 1.261 1.343  4.183 5.316 1.204 1.181  4.318 
it: 1.210 5.297 8.79e-05 5.345 5.173 1.178 1.239  3.738 3.880 1.051 1.076  4.253 
it: 1.220 5.341 8.78e-05 5.674 5.477 1.227 1.295  4.765 4.892 1.071 1.137  4.244 
it: 1.230 5.384 8.77e-05 4.374 5.349 1.175 1.245  3.455 4.880 1.051 1.112  4.201 
it: 1.240 5.428 8.76e-05 4.193 5.278 1.121 1.233  3.402 4.311 0.985 1.058  4.217 
it: 1.250 5.471 8.75e-05 4.434 5.452 1.149 1.204  3.205 3.754 1.025 1.065  4.138 
it: 1.260 5.515 8.74e-05 4.485 5.304 1.152 1.237  3.014 4.061 0.991 1.077  3.994 
it: 1.270 5.558 8.73e-05 4.549 5.457 1.181 1.199  3.366 4.697 1.043 1.084  4.158 
it: 1.280 5.601 8.72e-05 5.101 5.528 1.259 1.324  3.977 4.759 1.102 1.183  4.149 
it: 1.290 5.645 8.71e-05 5.065 6.112 1.257 1.284  4.084 4.514 1.187 1.218  4.085 
it: 1.300 5.689 8.70e-05 4.102 5.128 1.129 1.203  3.127 4.551 1.010 1.037  4.106 
it: 1.310 5.734 8.69e-05 4.893 5.133 1.151 1.231  3.772 4.251 1.055 1.083  3.940 
it: 1.320 5.777 8.68e-05 4.125 4.759 1.147 1.228  3.317 4.302 1.027 1.061  4.035 
it: 1.330 5.821 8.67e-05 3.824 4.765 1.105 1.152  2.887 3.955 0.995 1.031  4.085 
it: 1.340 5.865 8.66e-05 4.959 5.742 1.422 1.495  4.902 5.600 1.388 1.446  3.949 
it: 1.350 5.909 8.65e-05 4.335 4.842 1.157 1.162  3.157 3.916 1.015 1.070  3.972 
it: 1.360 5.952 8.64e-05 4.177 5.047 1.150 1.182  3.220 4.189 0.992 1.043  4.031 
it: 1.370 5.996 8.63e-05 5.223 5.978 1.345 1.330  4.643 7.388 1.251 1.291  3.914 
it: 1.380 6.040 8.62e-05 4.376 4.818 1.134 1.173  3.213 4.013 1.015 1.036  3.911 
it: 1.390 6.083 8.61e-05 4.500 4.919 1.169 1.207  3.488 4.144 1.054 1.092  3.972 
it: 1.400 6.127 8.60e-05 4.353 4.893 1.143 1.203  3.227 4.316 1.038 1.061  4.023 
it: 1.410 6.170 8.59e-05 4.536 6.040 1.153 1.228  3.378 4.731 1.029 1.083  3.960 
it: 1.420 6.214 8.58e-05 4.810 6.232 1.227 1.242  3.836 5.612 1.093 1.122  3.917 
it: 1.430 6.257 8.57e-05 4.486 4.918 1.128 1.176  3.669 3.714 0.985 0.990  3.874 
it: 1.440 6.302 8.56e-05 4.068 4.947 1.211 1.261  3.392 3.984 1.111 1.147  3.907 
it: 1.450 6.345 8.55e-05 4.579 5.038 1.158 1.216  3.273 3.876 0.988 1.027  3.751 
it: 1.460 6.390 8.54e-05 4.877 5.619 1.150 1.222  3.770 3.797 1.064 1.098  3.743 
it: 1.470 6.433 8.53e-05 4.132 5.015 1.126 1.239  3.232 4.061 1.075 1.120  3.775 
it: 1.480 6.477 8.52e-05 4.225 5.451 1.152 1.215  3.139 4.379 1.004 1.060  3.739 
it: 1.490 6.521 8.51e-05 4.393 5.096 1.092 1.147  3.727 4.135 0.986 1.004  3.769 
it: 1.500 6.564 8.50e-05 4.069 4.785 1.151 1.191  3.095 3.535 1.011 1.053  3.825 
it: 1.510 6.608 8.49e-05 4.837 5.269 1.248 1.292  3.459 4.067 1.122 1.180  3.699 
it: 1.520 6.652 8.48e-05 5.022 5.196 1.175 1.210  3.339 3.958 1.053 1.081  3.717 
it: 1.530 6.696 8.47e-05 4.466 4.809 1.244 1.261  3.315 4.039 1.154 1.141  3.791 
it: 1.540 6.739 8.46e-05 5.122 6.361 1.343 1.383  4.520 5.747 1.212 1.271  3.658 
it: 1.550 6.783 8.45e-05 4.017 5.034 1.192 1.242  3.241 4.014 1.105 1.129  3.627 
it: 1.560 6.827 8.44e-05 5.328 5.281 1.172 1.229  4.333 4.509 1.083 1.115  3.747 
it: 1.570 6.872 8.43e-05 4.304 4.919 1.106 1.162  3.332 3.886 0.972 1.014  3.670 
it: 1.580 6.916 8.42e-05 3.822 4.461 1.111 1.127  2.802 3.670 0.935 0.996  3.629 
it: 1.590 6.960 8.41e-05 3.848 4.335 1.076 1.115  2.553 3.303 0.934 0.998  3.654 
it: 1.600 7.004 8.40e-05 5.231 5.811 1.220 1.303  4.010 4.846 1.075 1.132  3.596 
it: 1.610 7.048 8.39e-05 4.543 5.125 1.128 1.188  3.970 4.614 1.053 1.087  3.580 
it: 1.620 7.091 8.38e-05 4.108 4.519 1.106 1.160  3.066 3.420 0.935 0.992  3.638 
it: 1.630 7.135 8.37e-05 4.059 4.706 1.103 1.154  2.542 3.769 0.945 1.021  3.586 
it: 1.640 7.179 8.36e-05 4.050 4.841 1.156 1.187  3.136 3.520 1.013 1.038  3.508 
it: 1.650 7.222 8.35e-05 3.980 4.597 1.079 1.115  2.801 3.367 0.923 0.975  3.561 
it: 1.660 7.266 8.34e-05 3.821 4.598 1.164 1.226  2.713 3.611 1.046 1.092  3.563 
it: 1.670 7.310 8.33e-05 4.146 4.542 1.132 1.160  2.641 3.543 0.977 1.034  3.579 
it: 1.680 7.354 8.32e-05 4.340 4.526 1.176 1.204  3.536 3.647 1.063 1.151  3.455 
it: 1.690 7.397 8.31e-05 4.046 4.357 1.080 1.112  3.111 3.694 0.979 0.977  3.472 
it: 1.700 7.441 8.30e-05 3.847 4.402 1.092 1.122  2.850 3.292 0.940 1.005  3.508 
it: 1.710 7.485 8.29e-05 3.783 4.515 1.091 1.130  2.997 3.179 0.969 0.992  3.450 
it: 1.720 7.529 8.28e-05 3.481 4.488 1.080 1.130  3.261 3.550 0.934 0.971  3.550 
it: 1.730 7.572 8.27e-05 3.886 4.416 1.094 1.162  2.884 3.330 0.966 0.999  3.452 
it: 1.740 7.616 8.26e-05 4.251 4.665 1.114 1.188  3.171 3.413 0.991 1.003  3.445 
it: 1.750 7.660 8.25e-05 4.223 4.972 1.169 1.197  3.231 4.058 1.038 1.090  3.457 
it: 1.760 7.704 8.24e-05 3.890 5.083 1.134 1.197  3.487 4.513 1.007 1.067  3.435 
it: 1.770 7.748 8.23e-05 3.874 4.889 1.053 1.099  2.438 4.093 0.916 0.957  3.412 
it: 1.780 7.791 8.22e-05 4.009 4.591 1.070 1.104  2.653 3.576 0.957 0.982  3.455 
it: 1.790 7.835 8.21e-05 3.738 4.966 1.098 1.128  2.872 3.473 0.969 0.979  3.410 
it: 1.800 7.879 8.20e-05 4.655 5.861 1.234 1.280  3.434 4.484 1.127 1.154  3.434 
it: 1.810 7.923 8.19e-05 4.504 5.138 1.116 1.161  3.302 3.699 1.004 1.058  3.369 
it: 1.820 7.966 8.18e-05 3.979 4.472 1.123 1.162  2.848 3.662 1.027 1.038  3.471 
it: 1.830 8.009 8.17e-05 4.166 4.867 1.104 1.164  2.862 3.998 0.956 1.042  3.353 
it: 1.840 8.054 8.16e-05 3.995 4.871 1.072 1.109  2.839 3.774 0.903 0.970  3.314 
it: 1.850 8.097 8.15e-05 4.704 5.618 1.166 1.216  3.281 5.452 1.035 1.073  3.301 
it: 1.860 8.141 8.14e-05 3.899 4.536 1.140 1.175  2.999 3.257 1.010 1.037  3.344 
it: 1.870 8.185 8.13e-05 4.257 5.173 1.204 1.276  3.202 4.250 1.151 1.206  3.272 
it: 1.880 8.228 8.12e-05 3.540 4.379 1.062 1.090  2.801 3.577 0.934 0.946  3.355 
it: 1.890 8.272 8.11e-05 4.176 4.936 1.136 1.183  2.989 3.727 1.004 1.042  3.300 
it: 1.900 8.316 8.10e-05 3.859 4.716 1.089 1.175  2.635 3.584 0.996 1.053  3.325 
it: 1.910 8.360 8.09e-05 3.938 4.740 1.110 1.185  3.347 3.675 1.027 1.063  3.280 
it: 1.920 8.403 8.08e-05 3.887 5.135 1.099 1.161  3.021 3.985 0.965 1.033  3.262 
it: 1.930 8.447 8.07e-05 3.573 4.587 1.064 1.100  2.334 3.536 0.910 0.951  3.194 
it: 1.940 8.491 8.06e-05 3.762 4.363 1.043 1.080  2.426 3.026 0.888 0.937  3.170 
it: 1.950 8.534 8.05e-05 3.904 4.966 1.101 1.157  3.047 4.052 0.999 1.022  3.349 
it: 1.960 8.579 8.04e-05 3.531 4.558 1.071 1.084  2.550 3.436 0.917 0.987  3.155 
it: 1.970 8.622 8.03e-05 3.792 4.348 1.040 1.095  2.558 3.352 0.903 0.942  3.334 
it: 1.980 8.666 8.02e-05 4.062 4.657 1.081 1.107  2.502 3.609 0.986 1.017  3.170 
it: 1.990 8.710 8.01e-05 3.932 4.597 1.143 1.182  3.116 3.600 1.021 1.057  3.281 
it: 2.000 8.754 8.00e-05 3.685 4.449 1.076 1.131  2.841 3.460 0.976 1.016  3.203 
it: 2.010 8.798 7.99e-05 3.753 4.746 1.114 1.153  2.769 4.102 0.980 1.016  3.124 
it: 2.020 8.841 7.98e-05 4.209 4.640 1.107 1.129  2.558 3.425 0.985 1.006  3.241 
it: 2.030 8.885 7.97e-05 3.823 4.518 1.039 1.077  2.251 3.302 0.895 0.940  3.168 
it: 2.040 8.929 7.96e-05 3.713 4.515 1.070 1.164  2.504 3.563 0.985 1.022  3.116 
it: 2.050 8.973 7.95e-05 3.633 5.027 1.102 1.178  2.652 4.059 1.034 1.111  3.126 
it: 2.060 9.016 7.94e-05 4.308 5.017 1.166 1.238  3.520 3.973 1.065 1.083  3.157 
it: 2.070 9.060 7.93e-05 3.996 4.403 1.047 1.083  2.675 3.441 0.902 0.952  3.125 
it: 2.080 9.104 7.92e-05 4.352 4.901 1.144 1.171  3.024 3.865 1.039 1.048  3.094 
it: 2.090 9.148 7.91e-05 4.445 4.586 1.172 1.207  3.083 3.347 1.029 1.087  3.169 
it: 2.100 9.192 7.90e-05 4.149 5.333 1.149 1.212  3.331 4.060 1.033 1.069  3.037 
it: 2.110 9.236 7.89e-05 3.647 4.700 1.035 1.096  2.632 3.348 0.892 0.955  3.109 
it: 2.120 9.279 7.88e-05 3.401 4.531 1.070 1.128  2.532 3.657 1.007 1.041  3.102 
it: 2.130 9.323 7.87e-05 3.238 4.234 1.082 1.101  2.423 3.616 0.924 0.993  3.032 
it: 2.140 9.367 7.86e-05 4.120 4.990 1.203 1.262  3.335 3.856 1.119 1.153  3.107 
it: 2.150 9.410 7.85e-05 3.556 4.564 1.131 1.215  2.680 3.576 1.034 1.072  3.029 
it: 2.160 9.454 7.84e-05 3.425 4.596 1.079 1.149  2.225 3.575 0.901 0.987  3.070 
it: 2.170 9.498 7.83e-05 4.071 4.549 1.105 1.142  3.048 3.967 1.014 1.048  3.026 
it: 2.180 9.542 7.82e-05 3.622 4.508 1.048 1.098  2.577 3.164 0.921 0.938  3.023 
it: 2.190 9.586 7.81e-05 3.632 4.320 1.045 1.081  2.540 3.156 0.898 0.947  3.027 
it: 2.200 9.629 7.80e-05 3.665 4.150 1.055 1.089  2.604 3.434 0.914 0.956  2.978 
it: 2.210 9.673 7.79e-05 3.638 4.751 1.026 1.107  2.249 3.485 0.873 0.949  2.994 
it: 2.220 9.718 7.78e-05 4.899 4.742 1.098 1.097  3.497 3.592 0.985 1.031  3.075 
it: 2.230 9.762 7.77e-05 3.509 4.385 1.053 1.055  2.407 3.210 0.846 0.906  2.931 
it: 2.240 9.806 7.76e-05 4.335 4.624 1.088 1.106  2.948 3.724 0.934 0.977  2.994 
it: 2.250 9.849 7.75e-05 3.300 4.382 1.017 1.078  2.458 3.213 0.888 0.948  2.955 
it: 2.260 9.893 7.74e-05 3.602 4.684 1.099 1.178  2.361 3.429 0.942 1.005  2.927 
it: 2.270 9.936 7.73e-05 3.832 4.498 1.074 1.112  2.790 3.514 0.947 0.982  2.979 
it: 2.280 9.980 7.72e-05 3.738 4.109 1.032 1.098  2.617 3.480 0.905 0.958  2.889 
it: 2.290 10.024 7.71e-05 4.184 4.259 1.044 1.124  3.381 3.224 0.926 0.988  2.992 
it: 2.300 10.067 7.70e-05 3.518 4.973 1.028 1.097  2.301 3.441 0.912 0.921  2.996 
it: 2.310 10.111 7.69e-05 3.623 4.550 1.049 1.092  2.630 3.531 0.923 0.961  2.940 
it: 2.320 10.154 7.68e-05 3.560 4.565 1.069 1.120  2.171 3.376 0.904 0.956  2.929 
it: 2.330 10.198 7.67e-05 3.943 4.399 1.054 1.107  2.538 3.047 0.896 0.946  2.920 
it: 2.340 10.242 7.66e-05 3.526 4.192 1.067 1.085  2.474 3.333 0.951 1.007  2.972 
it: 2.350 10.285 7.65e-05 4.374 4.765 1.098 1.134  2.505 3.518 0.956 0.984  2.937 
it: 2.360 10.329 7.64e-05 3.579 4.718 1.074 1.111  2.623 3.466 0.969 1.025  2.806 
it: 2.370 10.373 7.63e-05 3.791 4.458 1.125 1.155  2.588 3.697 1.003 1.001  2.823 
it: 2.380 10.417 7.62e-05 3.161 4.267 1.014 1.054  2.143 3.064 0.856 0.909  2.874 
it: 2.390 10.461 7.61e-05 3.533 4.546 1.059 1.116  2.774 3.414 0.921 0.948  2.839 
it: 2.400 10.505 7.60e-05 4.151 4.353 1.245 1.216  3.046 3.486 1.143 1.137  2.946 
it: 2.410 10.548 7.59e-05 3.724 4.680 1.072 1.108  2.518 3.721 0.957 0.983  2.971 
it: 2.420 10.592 7.58e-05 3.261 4.180 1.037 1.098  2.471 3.452 0.938 0.976  2.764 
it: 2.430 10.635 7.57e-05 3.426 4.276 1.033 1.088  2.541 3.221 0.891 0.922  2.888 
it: 2.440 10.679 7.56e-05 3.483 4.636 1.054 1.098  2.408 3.779 0.900 0.969  2.830 
it: 2.450 10.722 7.55e-05 3.864 4.445 1.078 1.144  2.528 3.303 0.957 1.000  2.784 
it: 2.460 10.766 7.54e-05 3.528 4.218 1.089 1.124  2.646 3.313 0.973 1.004  2.797 
it: 2.470 10.810 7.53e-05 3.351 4.316 1.038 1.113  2.317 3.301 0.920 0.960  2.796 
it: 2.480 10.853 7.52e-05 4.104 4.674 1.094 1.122  2.710 3.503 0.979 1.020  2.851 
it: 2.490 10.897 7.51e-05 3.359 4.110 1.018 1.065  2.432 3.096 0.889 0.918  2.906 
it: 2.500 10.941 7.50e-05 4.024 4.333 1.052 1.092  2.872 3.293 0.894 0.954  2.776 
it: 2.510 10.984 7.49e-05 3.942 4.725 1.061 1.104  2.796 3.718 0.943 0.980  2.929 
it: 2.520 11.028 7.48e-05 4.206 5.267 1.190 1.194  3.119 4.404 1.077 1.088  2.774 
it: 2.530 11.071 7.47e-05 3.411 4.417 1.082 1.140  2.217 3.515 0.963 0.976  2.749 
it: 2.540 11.115 7.46e-05 3.257 4.081 0.994 1.037  2.245 3.138 0.880 0.896  2.831 
it: 2.550 11.159 7.45e-05 3.179 4.449 1.036 1.093  2.322 3.284 0.923 0.951  2.744 
it: 2.560 11.203 7.44e-05 3.559 4.458 1.016 1.042  2.432 3.409 0.911 0.920  2.771 
it: 2.570 11.247 7.43e-05 3.204 4.148 1.041 1.082  2.612 3.222 0.878 0.909  2.710 
it: 2.580 11.290 7.42e-05 3.910 5.054 1.149 1.214  3.045 4.240 1.093 1.118  2.736 
it: 2.590 11.334 7.41e-05 3.492 4.307 1.018 1.085  2.085 3.192 0.871 0.932  2.844 
it: 2.600 11.377 7.40e-05 3.415 4.163 1.007 1.055  2.144 2.977 0.868 0.934  2.631 
it: 2.610 11.421 7.39e-05 3.358 4.241 0.981 1.053  1.911 3.053 0.873 0.906  2.700 
it: 2.620 11.465 7.38e-05 3.987 4.270 1.070 1.109  2.716 3.385 0.950 0.995  2.748 
it: 2.630 11.509 7.37e-05 4.718 4.773 1.091 1.144  2.873 3.794 1.034 1.061  2.650 
it: 2.640 11.553 7.36e-05 3.895 4.741 1.100 1.175  2.936 4.093 1.060 1.076  2.714 
it: 2.650 11.597 7.35e-05 3.323 4.360 1.046 1.073  2.333 3.182 0.890 0.929  2.800 
it: 2.660 11.640 7.34e-05 3.201 4.232 1.015 1.045  2.263 3.194 0.865 0.936  2.603 
it: 2.670 11.684 7.33e-05 3.331 4.572 1.026 1.092  2.506 3.728 0.925 0.984  2.679 
it: 2.680 11.728 7.32e-05 3.394 4.474 1.079 1.112  2.247 3.428 0.937 0.981  2.735 
it: 2.690 11.771 7.31e-05 2.989 3.913 1.035 1.057  2.442 2.977 0.899 0.907  2.665 
it: 2.700 11.815 7.30e-05 3.630 4.171 1.007 1.063  2.731 3.145 0.902 0.954  2.667 
it: 2.710 11.859 7.29e-05 3.234 4.662 1.032 1.075  2.290 3.917 0.909 0.951  2.637 
it: 2.720 11.903 7.28e-05 3.267 3.779 1.032 1.062  2.606 2.887 0.895 0.933  2.603 
it: 2.730 11.947 7.27e-05 3.367 4.096 1.028 1.062  2.255 2.879 0.898 0.895  2.717 
it: 2.740 11.991 7.26e-05 3.793 4.336 1.046 1.090  2.320 3.383 0.936 0.967  2.596 
it: 2.750 12.035 7.25e-05 3.546 4.348 1.019 1.064  2.274 3.060 0.883 0.928  2.697 
it: 2.760 12.078 7.24e-05 3.969 5.088 1.143 1.167  3.312 4.137 1.082 1.096  2.586 
it: 2.770 12.122 7.23e-05 3.496 4.315 1.025 1.073  2.514 3.211 0.926 0.977  2.702 
it: 2.780 12.166 7.22e-05 3.794 4.178 1.081 1.150  2.337 3.271 0.946 0.991  2.705 
it: 2.790 12.210 7.21e-05 3.588 4.989 1.065 1.077  2.159 3.589 0.924 0.942  2.616 
it: 2.800 12.254 7.20e-05 3.496 4.169 1.097 1.098  3.025 3.436 0.971 0.991  2.641 
it: 2.810 12.297 7.19e-05 3.278 4.311 1.020 1.041  1.888 3.288 0.871 0.914  2.568 
it: 2.820 12.341 7.18e-05 3.524 4.323 1.016 1.057  2.945 3.356 0.884 0.899  2.677 
it: 2.830 12.384 7.17e-05 3.026 3.965 1.003 1.048  2.181 3.081 0.871 0.910  2.568 
it: 2.840 12.428 7.16e-05 3.193 3.840 1.063 1.084  2.481 3.022 0.938 0.962  2.602 
it: 2.850 12.472 7.15e-05 2.813 4.141 1.038 1.072  2.260 3.060 0.937 0.959  2.618 
it: 2.860 12.515 7.14e-05 3.135 4.175 1.021 1.073  2.323 3.356 0.902 0.927  2.564 
it: 2.870 12.559 7.13e-05 4.067 5.113 1.156 1.215  2.602 3.587 0.965 1.006  2.550 
it: 2.880 12.604 7.12e-05 2.929 4.154 1.007 1.052  2.011 3.050 0.868 0.920  2.624 
it: 2.890 12.648 7.11e-05 3.455 3.974 0.978 1.019  2.428 2.881 0.836 0.892  2.662 
it: 2.900 12.692 7.10e-05 3.573 4.031 0.983 1.054  2.219 3.037 0.843 0.894  2.532 
it: 2.910 12.735 7.09e-05 3.800 4.204 1.026 1.067  2.477 3.237 0.895 0.916  2.620 
it: 2.920 12.779 7.08e-05 3.040 4.028 1.007 1.043  2.019 3.042 0.860 0.895  2.558 
it: 2.930 12.823 7.07e-05 3.151 4.144 0.995 1.022  2.100 3.210 0.876 0.897  2.614 
it: 2.940 12.867 7.06e-05 3.248 4.042 0.980 1.045  2.288 2.906 0.864 0.888  2.521 
it: 2.950 12.911 7.05e-05 2.934 3.931 1.020 1.060  1.979 2.777 0.887 0.904  2.513 
it: 2.960 12.954 7.04e-05 3.435 4.401 1.019 1.084  2.105 3.622 0.875 0.937  2.546 
it: 2.970 12.998 7.03e-05 2.915 4.073 0.966 1.000  1.836 2.968 0.830 0.891  2.588 
it: 2.980 13.042 7.02e-05 3.102 4.301 1.011 1.042  2.156 3.214 0.883 0.931  2.517 
it: 2.990 13.085 7.01e-05 3.427 4.178 1.001 1.038  2.162 2.767 0.838 0.885  2.594 
it: 3.000 13.129 7.00e-05 3.030 4.510 1.029 1.056  2.045 2.915 0.874 0.905  2.495 
it: 3.010 13.172 6.99e-05 3.151 4.272 1.038 1.099  2.235 3.312 0.888 0.965  2.515 
it: 3.020 13.216 6.98e-05 3.010 3.866 0.975 1.042  1.857 2.904 0.820 0.884  2.604 
it: 3.030 13.260 6.97e-05 3.422 3.737 1.030 1.061  2.282 2.888 0.869 0.890  2.463 
it: 3.040 13.303 6.96e-05 3.171 4.040 1.021 1.078  2.280 3.022 0.931 0.932  2.507 
it: 3.050 13.347 6.95e-05 3.092 4.207 1.016 1.053  2.097 2.982 0.925 0.954  2.499 
it: 3.060 13.391 6.94e-05 3.180 4.185 0.978 1.067  2.140 3.083 0.871 0.896  2.483 
it: 3.070 13.434 6.93e-05 3.357 4.382 0.987 1.054  2.220 3.663 0.870 0.907  2.444 
it: 3.080 13.478 6.92e-05 2.672 3.673 0.955 0.997  1.976 2.597 0.828 0.863  2.471 
it: 3.090 13.522 6.91e-05 3.229 3.916 0.978 1.039  2.108 2.957 0.849 0.898  2.490 
it: 3.100 13.566 6.90e-05 3.714 4.807 1.104 1.131  2.656 4.171 1.006 1.050  2.498 
it: 3.110 13.609 6.89e-05 3.358 4.291 1.046 1.065  2.099 3.334 0.934 0.971  2.388 
it: 3.120 13.653 6.88e-05 3.473 3.987 1.016 1.034  2.267 3.146 0.890 0.907  2.483 
it: 3.130 13.696 6.87e-05 3.163 4.208 1.017 1.041  2.023 3.206 0.862 0.888  2.430 
it: 3.140 13.740 6.86e-05 3.243 4.221 0.942 1.013  2.106 2.987 0.803 0.872  2.505 
it: 3.150 13.783 6.85e-05 3.594 4.419 1.090 1.123  2.455 3.416 1.001 1.034  2.438 
it: 3.160 13.827 6.84e-05 3.339 3.908 0.995 1.015  2.131 2.917 0.838 0.880  2.401 
it: 3.170 13.870 6.83e-05 2.845 4.092 0.970 1.014  1.844 2.918 0.823 0.870  2.462 
it: 3.180 13.914 6.82e-05 2.987 3.932 0.979 1.002  2.078 2.864 0.840 0.876  2.381 
it: 3.190 13.958 6.81e-05 2.640 3.882 0.965 1.006  1.970 2.728 0.805 0.874  2.445 
it: 3.200 14.002 6.80e-05 2.965 4.473 0.984 1.004  1.964 3.320 0.868 0.914  2.474 
it: 3.210 14.046 6.79e-05 3.826 4.157 0.996 1.053  2.862 3.295 0.867 0.926  2.456 
it: 3.220 14.089 6.78e-05 2.903 3.974 0.967 1.018  1.823 2.993 0.823 0.881  2.562 
it: 3.230 14.133 6.77e-05 3.193 3.798 0.990 1.022  2.168 2.859 0.869 0.909  2.432 
it: 3.240 14.177 6.76e-05 3.824 4.357 1.020 1.050  2.632 3.043 0.908 0.950  2.403 
it: 3.250 14.220 6.75e-05 3.196 4.473 0.992 1.065  2.352 3.082 0.869 0.906  2.425 
it: 3.260 14.264 6.74e-05 3.104 4.291 0.982 1.019  2.026 3.180 0.844 0.885  2.389 
it: 3.270 14.308 6.73e-05 3.108 3.784 0.981 1.030  2.055 2.729 0.824 0.882  2.458 
it: 3.280 14.352 6.72e-05 2.818 4.276 0.980 1.028  1.898 3.139 0.837 0.875  2.396 
it: 3.290 14.395 6.71e-05 3.141 3.978 1.014 1.008  2.094 2.779 0.844 0.872  2.437 
it: 3.300 14.439 6.70e-05 2.936 4.037 0.991 1.036  1.997 3.268 0.864 0.896  2.348 
it: 3.310 14.483 6.69e-05 3.061 4.589 1.012 1.091  2.626 3.367 0.929 0.951  2.366 
it: 3.320 14.526 6.68e-05 3.754 4.646 1.097 1.132  2.257 3.356 0.987 1.014  2.418 
it: 3.330 14.570 6.67e-05 3.191 4.188 0.951 1.014  1.618 2.672 0.817 0.851  2.331 
it: 3.340 14.613 6.66e-05 3.181 3.829 0.985 1.006  1.930 2.872 0.828 0.866  2.360 
it: 3.350 14.657 6.65e-05 3.025 4.051 0.994 1.013  1.927 2.919 0.859 0.870  2.350 
it: 3.360 14.701 6.64e-05 3.112 3.799 0.928 0.975  2.072 2.656 0.805 0.836  2.521 
it: 3.370 14.745 6.63e-05 3.071 4.121 0.991 1.002  1.732 3.125 0.837 0.873  2.345 
it: 3.380 14.789 6.62e-05 4.217 4.883 0.990 1.030  2.283 3.644 0.839 0.900  2.409 
it: 3.390 14.832 6.61e-05 3.274 4.574 1.026 1.091  2.187 3.462 0.890 0.941  2.403 
it: 3.400 14.876 6.60e-05 2.948 4.027 0.971 1.001  2.008 2.853 0.794 0.847  2.311 
it: 3.410 14.920 6.59e-05 2.921 3.845 0.974 1.015  2.040 2.797 0.861 0.890  2.342 
it: 3.420 14.963 6.58e-05 2.823 3.805 0.979 0.991  2.063 2.729 0.846 0.873  2.319 
it: 3.430 15.007 6.57e-05 3.019 3.715 0.964 1.024  1.716 2.683 0.832 0.871  2.314 
it: 3.440 15.051 6.56e-05 2.941 4.122 0.971 1.017  1.909 3.040 0.841 0.875  2.315 
it: 3.450 15.095 6.55e-05 2.908 4.085 0.930 0.992  1.675 2.776 0.794 0.854  2.289 
it: 3.460 15.138 6.54e-05 3.417 4.276 0.993 1.014  1.887 3.266 0.844 0.885  2.319 
it: 3.470 15.182 6.53e-05 2.881 3.803 0.958 1.004  1.670 2.579 0.810 0.835  2.273 
it: 3.480 15.226 6.52e-05 2.685 4.276 0.978 1.029  1.979 3.296 0.878 0.913  2.330 
it: 3.490 15.270 6.51e-05 3.266 4.013 0.996 1.071  2.166 2.942 0.895 0.948  2.309 
it: 3.500 15.314 6.50e-05 2.899 3.710 0.970 0.998  1.754 2.771 0.823 0.858  2.326 
it: 3.510 15.358 6.49e-05 2.838 4.149 1.043 1.071  2.034 3.178 0.969 0.977  2.323 
it: 3.520 15.402 6.48e-05 3.124 4.159 0.988 1.035  1.772 3.106 0.856 0.905  2.353 
it: 3.530 15.446 6.47e-05 3.190 3.909 0.983 1.030  2.001 3.035 0.861 0.919  2.246 
it: 3.540 15.489 6.46e-05 2.952 4.045 0.985 1.016  2.619 3.005 0.866 0.903  2.250 
it: 3.550 15.533 6.45e-05 3.013 3.767 0.976 0.995  2.199 2.654 0.802 0.844  2.275 
it: 3.560 15.577 6.44e-05 3.290 3.977 0.977 1.025  2.158 2.859 0.841 0.880  2.403 
it: 3.570 15.620 6.43e-05 3.175 3.962 0.991 1.034  1.870 2.870 0.855 0.885  2.340 
it: 3.580 15.664 6.42e-05 2.966 4.077 0.965 0.997  1.932 3.415 0.817 0.857  2.256 
it: 3.590 15.708 6.41e-05 2.617 4.002 0.978 0.995  1.847 2.773 0.831 0.863  2.216 
it: 3.600 15.752 6.40e-05 3.241 3.909 0.989 1.012  2.099 2.769 0.820 0.834  2.249 
it: 3.610 15.795 6.39e-05 3.300 3.750 0.940 0.976  2.138 2.818 0.828 0.859  2.362 
it: 3.620 15.838 6.38e-05 3.060 3.765 1.011 1.056  2.024 2.817 0.916 0.957  2.217 
it: 3.630 15.882 6.37e-05 3.165 4.017 0.957 1.014  2.036 3.131 0.838 0.872  2.336 
it: 3.640 15.925 6.36e-05 2.814 4.087 1.000 1.066  1.931 3.174 0.929 0.957  2.283 
it: 3.650 15.969 6.35e-05 3.438 4.378 1.003 1.003  2.386 3.696 0.880 0.919  2.197 
it: 3.660 16.013 6.34e-05 2.734 3.996 0.983 1.023  1.869 2.833 0.825 0.869  2.256 
it: 3.670 16.057 6.33e-05 5.615 6.468 1.419 1.523  4.709 5.776 1.366 1.426  2.210 
it: 3.680 16.101 6.32e-05 3.233 4.062 0.981 1.009  1.791 3.182 0.828 0.867  2.304 
it: 3.690 16.144 6.31e-05 3.095 3.871 0.969 0.995  2.062 2.731 0.873 0.899  2.257 
it: 3.700 16.188 6.30e-05 3.064 3.943 0.984 1.060  1.930 2.871 0.891 0.929  2.304 
it: 3.710 16.232 6.29e-05 2.484 3.674 0.937 0.981  1.674 2.996 0.809 0.816  2.278 
it: 3.720 16.275 6.28e-05 2.701 3.789 0.975 1.009  1.826 2.781 0.877 0.893  2.240 
it: 3.730 16.319 6.27e-05 2.976 4.042 1.007 1.037  2.047 2.889 0.897 0.909  2.165 
it: 3.740 16.362 6.26e-05 3.055 4.222 0.988 1.012  1.895 2.991 0.840 0.847  2.215 
it: 3.750 16.406 6.25e-05 3.027 4.253 0.936 1.013  1.695 2.783 0.792 0.837  2.261 
it: 3.760 16.449 6.24e-05 2.532 3.913 0.988 1.034  1.717 3.089 0.873 0.918  2.163 
it: 3.770 16.493 6.23e-05 2.642 3.898 0.960 1.004  1.742 2.820 0.807 0.870  2.171 
it: 3.780 16.537 6.22e-05 2.892 4.213 1.019 1.077  1.847 3.428 0.871 0.927  2.191 
it: 3.790 16.581 6.21e-05 2.993 3.962 0.959 1.008  2.128 3.041 0.828 0.854  2.227 
it: 3.800 16.624 6.20e-05 2.549 4.036 0.949 1.001  1.649 2.861 0.817 0.849  2.184 
it: 3.810 16.668 6.19e-05 3.306 4.008 0.981 1.017  2.231 3.169 0.883 0.924  2.194 
it: 3.820 16.712 6.18e-05 3.064 4.058 0.933 1.006  1.840 2.869 0.822 0.851  2.215 
it: 3.830 16.755 6.17e-05 3.344 4.174 1.056 1.067  2.116 3.092 0.949 0.975  2.151 
it: 3.840 16.799 6.16e-05 2.841 3.711 0.988 0.986  1.922 2.695 0.819 0.835  2.253 
it: 3.850 16.842 6.15e-05 3.349 4.114 1.040 1.081  2.254 3.193 0.979 0.981  2.172 
it: 3.860 16.886 6.14e-05 2.745 3.827 0.950 1.013  1.589 2.631 0.837 0.886  2.158 
it: 3.870 16.930 6.13e-05 3.146 3.905 0.952 0.994  1.767 2.974 0.809 0.863  2.211 
it: 3.880 16.974 6.12e-05 2.544 3.735 0.963 0.983  1.709 2.880 0.805 0.851  2.097 
it: 3.890 17.017 6.11e-05 2.769 3.769 0.922 0.977  1.944 2.752 0.809 0.835  2.247 
it: 3.900 17.061 6.10e-05 3.385 4.332 1.014 1.073  2.806 3.649 0.911 0.943  2.122 
it: 3.910 17.105 6.09e-05 3.587 3.941 1.058 1.082  2.308 2.928 0.952 0.964  2.200 
it: 3.920 17.149 6.08e-05 3.025 3.957 0.975 1.012  1.855 2.892 0.836 0.879  2.155 
it: 3.930 17.192 6.07e-05 2.779 3.584 0.997 0.995  2.068 2.525 0.882 0.893  2.147 
it: 3.940 17.236 6.06e-05 3.267 3.585 0.966 1.024  1.687 2.816 0.812 0.847  2.172 
it: 3.950 17.279 6.05e-05 2.667 4.273 0.943 1.043  1.717 2.878 0.793 0.896  2.138 
it: 3.960 17.323 6.04e-05 3.192 3.878 1.030 1.067  1.894 2.901 0.885 0.905  2.174 
it: 3.970 17.367 6.03e-05 3.653 3.708 1.004 1.009  2.169 2.899 0.907 0.905  2.123 
it: 3.980 17.411 6.02e-05 3.010 4.212 1.006 1.049  1.916 3.288 0.869 0.913  2.129 
it: 3.990 17.455 6.01e-05 2.613 3.460 0.945 0.967  1.850 2.551 0.816 0.836  2.113 
it: 4.000 17.499 6.00e-05 5.857 4.385 1.084 1.078  5.820 3.638 0.970 0.968  2.231 
it: 4.010 17.543 5.99e-05 3.095 3.620 0.947 0.989  1.637 2.641 0.826 0.834  2.064 
it: 4.020 17.586 5.98e-05 2.692 3.774 0.955 0.956  1.835 2.716 0.812 0.832  2.081 
it: 4.030 17.630 5.97e-05 2.955 3.758 0.950 1.010  2.097 2.667 0.880 0.898  2.135 
it: 4.040 17.674 5.96e-05 2.667 4.012 0.981 1.043  1.863 3.030 0.878 0.933  2.145 
it: 4.050 17.718 5.95e-05 2.804 3.927 0.950 0.987  1.657 2.619 0.818 0.851  2.081 
it: 4.060 17.762 5.94e-05 2.629 3.900 0.942 0.995  1.659 2.681 0.815 0.868  2.058 
it: 4.070 17.806 5.93e-05 2.819 3.641 0.954 0.982  1.776 2.730 0.787 0.844  2.238 
it: 4.080 17.849 5.92e-05 3.841 5.363 1.122 1.189  2.790 4.410 1.090 1.123  2.110 
it: 4.090 17.893 5.91e-05 3.215 3.956 0.961 0.979  1.763 2.941 0.823 0.841  2.082 
it: 4.100 17.937 5.90e-05 2.717 3.658 0.952 1.024  2.071 2.642 0.827 0.862  2.058 
it: 4.110 17.981 5.89e-05 2.470 3.691 0.971 1.003  1.656 2.799 0.836 0.871  2.019 
it: 4.120 18.025 5.88e-05 2.614 4.184 0.942 0.977  1.872 2.739 0.813 0.853  2.057 
it: 4.130 18.069 5.87e-05 2.686 3.640 0.928 0.962  1.638 3.015 0.815 0.820  2.151 
it: 4.140 18.113 5.86e-05 3.631 4.378 1.002 1.046  2.081 3.673 0.864 0.893  2.123 
it: 4.150 18.156 5.85e-05 3.268 3.712 0.964 1.036  2.117 2.761 0.844 0.879  2.080 
it: 4.160 18.200 5.84e-05 2.705 3.722 0.928 0.977  1.631 2.580 0.813 0.844  2.094 
it: 4.170 18.244 5.83e-05 2.735 4.115 0.965 1.012  2.324 3.051 0.856 0.868  2.075 
it: 4.180 18.288 5.82e-05 3.911 4.687 1.054 1.120  2.712 3.597 0.974 0.989  2.127 
it: 4.190 18.331 5.81e-05 3.046 3.763 1.002 1.066  2.197 2.980 0.939 0.973  2.166 
it: 4.200 18.375 5.80e-05 3.482 4.069 0.987 1.027  2.368 3.027 0.849 0.868  2.064 
it: 4.210 18.419 5.79e-05 3.020 3.696 1.024 1.062  1.935 3.164 0.924 0.955  2.102 
it: 4.220 18.462 5.78e-05 3.207 3.696 0.984 1.002  1.737 2.799 0.864 0.877  2.057 
it: 4.230 18.506 5.77e-05 2.774 3.948 0.945 1.002  1.830 2.724 0.814 0.862  2.092 
it: 4.240 18.550 5.76e-05 2.821 3.910 0.923 1.002  1.761 2.800 0.785 0.844  2.106 
it: 4.250 18.593 5.75e-05 2.707 3.521 0.937 0.962  1.582 2.439 0.795 0.822  2.051 
it: 4.260 18.637 5.74e-05 3.004 3.695 0.993 1.001  1.848 2.629 0.858 0.877  2.028 
it: 4.270 18.681 5.73e-05 2.832 3.450 0.937 0.998  2.018 2.663 0.849 0.907  1.974 
it: 4.280 18.725 5.72e-05 3.180 3.767 0.972 1.032  2.030 3.012 0.894 0.937  2.044 
it: 4.290 18.768 5.71e-05 2.698 3.843 0.955 0.998  1.850 2.946 0.836 0.859  2.130 
it: 4.300 18.812 5.70e-05 2.706 4.838 1.008 1.079  1.790 3.750 0.887 0.944  2.036 
it: 4.310 18.856 5.69e-05 3.183 3.753 0.932 0.970  1.636 2.832 0.789 0.835  2.091 
it: 4.320 18.899 5.68e-05 2.670 4.459 0.996 1.026  1.769 3.056 0.870 0.925  2.028 
it: 4.330 18.943 5.67e-05 2.713 3.885 0.942 0.962  1.602 3.143 0.807 0.829  2.039 
it: 4.340 18.986 5.66e-05 2.674 3.959 0.921 0.951  2.072 2.665 0.781 0.816  2.017 
it: 4.350 19.030 5.65e-05 3.066 4.024 0.931 0.992  1.692 2.699 0.797 0.831  2.072 
it: 4.360 19.074 5.64e-05 2.831 4.290 0.934 0.976  2.023 3.349 0.831 0.838  1.970 
it: 4.370 19.117 5.63e-05 2.564 3.867 0.949 1.022  1.605 2.831 0.825 0.864  2.026 
it: 4.380 19.161 5.62e-05 2.680 4.046 0.954 0.990  1.791 3.220 0.816 0.864  2.017 
it: 4.390 19.205 5.61e-05 2.854 4.059 0.998 1.037  2.030 3.012 0.864 0.903  2.070 
it: 4.400 19.249 5.60e-05 2.621 3.830 0.906 0.983  1.466 2.955 0.781 0.817  1.993 
it: 4.410 19.293 5.59e-05 2.516 3.683 0.940 0.977  1.648 2.507 0.803 0.821  2.014 
it: 4.420 19.337 5.58e-05 2.535 4.356 0.935 1.018  1.636 3.299 0.816 0.860  2.022 
it: 4.430 19.381 5.57e-05 2.782 4.176 0.905 0.958  1.786 3.399 0.762 0.803  2.106 
it: 4.440 19.424 5.56e-05 2.915 4.072 0.933 0.938  1.774 2.930 0.777 0.802  1.997 
it: 4.450 19.468 5.55e-05 2.841 3.604 0.963 0.985  1.786 2.687 0.833 0.865  2.001 
it: 4.460 19.512 5.54e-05 2.516 3.904 0.916 0.949  1.677 2.914 0.758 0.794  2.008 
it: 4.470 19.556 5.53e-05 2.786 3.692 0.950 0.996  1.794 2.730 0.827 0.851  2.036 
it: 4.480 19.600 5.52e-05 2.667 3.709 0.923 0.966  1.728 2.669 0.799 0.843  1.999 
it: 4.490 19.644 5.51e-05 2.925 3.905 1.029 1.063  1.739 2.836 0.907 0.921  1.996 
it: 4.500 19.688 5.50e-05 2.586 3.660 0.964 0.996  1.672 2.704 0.832 0.861  1.964 
it: 4.510 19.731 5.49e-05 2.852 3.683 0.899 0.974  1.819 2.666 0.779 0.836  1.960 
it: 4.520 19.776 5.48e-05 2.335 3.621 0.882 0.946  1.513 2.474 0.765 0.805  2.040 
it: 4.530 19.820 5.47e-05 2.808 3.810 0.953 0.981  2.096 2.737 0.838 0.847  1.930 
it: 4.540 19.863 5.46e-05 2.928 4.057 0.967 0.997  1.721 2.678 0.807 0.850  1.959 
it: 4.550 19.907 5.45e-05 2.539 3.776 0.945 1.000  1.825 2.731 0.842 0.875  1.977 
it: 4.560 19.950 5.44e-05 2.874 3.621 0.915 0.962  1.478 2.544 0.778 0.814  1.968 
it: 4.570 19.994 5.43e-05 2.933 3.743 0.913 0.960  1.840 2.588 0.798 0.815  1.952 
it: 4.580 20.038 5.42e-05 2.845 3.821 0.938 0.985  1.663 2.612 0.804 0.836  1.958 
it: 4.590 20.082 5.41e-05 2.472 3.734 0.904 0.951  1.571 2.941 0.791 0.809  1.972 
it: 4.600 20.126 5.40e-05 2.843 3.779 0.935 0.993  2.304 2.732 0.804 0.840  1.926 
it: 4.610 20.169 5.39e-05 2.903 3.837 0.947 0.959  1.743 2.858 0.827 0.861  1.996 
it: 4.620 20.213 5.38e-05 2.461 4.323 0.982 1.014  1.730 3.017 0.893 0.914  1.955 
it: 4.630 20.257 5.37e-05 2.981 3.532 0.934 0.972  2.179 2.538 0.804 0.840  1.943 
it: 4.640 20.300 5.36e-05 2.500 3.721 0.932 0.955  1.721 2.488 0.779 0.807  1.984 
it: 4.650 20.344 5.35e-05 2.861 3.914 0.963 0.991  1.632 2.646 0.789 0.836  2.037 
it: 4.660 20.388 5.34e-05 2.733 3.595 0.904 0.992  1.739 2.516 0.780 0.808  1.946 
it: 4.670 20.432 5.33e-05 2.716 4.097 0.949 0.980  1.579 2.927 0.804 0.840  2.069 
it: 4.680 20.475 5.32e-05 2.536 3.751 0.899 0.989  1.497 2.604 0.761 0.804  1.921 
it: 4.690 20.519 5.31e-05 2.783 3.974 0.998 1.049  2.092 2.786 0.895 0.925  1.893 
it: 4.700 20.563 5.30e-05 2.573 3.846 0.955 1.011  1.641 2.564 0.865 0.918  1.936 
it: 4.710 20.607 5.29e-05 3.014 4.454 0.945 1.002  1.543 3.072 0.810 0.866  1.951 
it: 4.720 20.650 5.28e-05 2.429 3.843 0.910 0.957  1.646 2.808 0.784 0.835  1.955 
it: 4.730 20.694 5.27e-05 2.465 3.474 0.945 0.969  1.747 2.664 0.861 0.864  1.933 
it: 4.740 20.738 5.26e-05 2.892 3.590 0.969 1.016  1.656 2.864 0.848 0.878  1.886 
it: 4.750 20.782 5.25e-05 2.753 4.091 0.948 0.992  1.633 2.737 0.797 0.847  1.896 
it: 4.760 20.826 5.24e-05 2.838 3.670 0.926 0.980  1.653 2.529 0.812 0.835  1.959 
it: 4.770 20.869 5.23e-05 3.039 4.326 0.957 1.007  1.905 3.136 0.831 0.870  1.919 
it: 4.780 20.913 5.22e-05 2.524 3.563 0.914 0.957  1.358 2.582 0.782 0.810  1.898 
it: 4.790 20.956 5.21e-05 3.024 3.897 1.003 1.020  2.078 3.036 0.897 0.925  1.919 
it: 4.800 21.001 5.20e-05 2.998 3.696 0.955 0.987  1.660 2.679 0.796 0.861  1.921 
it: 4.810 21.046 5.19e-05 2.811 3.648 0.961 1.005  1.819 2.619 0.858 0.869  1.929 
it: 4.820 21.090 5.18e-05 2.615 3.693 0.942 1.000  1.576 3.097 0.815 0.837  1.866 
it: 4.830 21.134 5.17e-05 2.800 3.513 0.933 0.980  1.617 2.596 0.800 0.827  1.903 
it: 4.840 21.177 5.16e-05 2.526 3.940 0.972 1.025  1.788 3.029 0.839 0.880  2.021 
it: 4.850 21.221 5.15e-05 2.408 3.613 0.939 1.013  1.663 2.681 0.842 0.887  1.908 
it: 4.860 21.265 5.14e-05 2.223 3.800 0.915 0.945  1.383 2.559 0.782 0.784  1.888 
it: 4.870 21.308 5.13e-05 2.962 4.226 0.997 1.044  2.191 3.241 0.913 0.934  1.914 
it: 4.880 21.352 5.12e-05 3.014 3.877 0.907 0.955  1.690 2.748 0.771 0.784  1.901 
it: 4.890 21.396 5.11e-05 2.586 3.706 0.917 1.009  1.675 2.823 0.807 0.855  1.933 
it: 4.900 21.440 5.10e-05 2.760 3.715 0.982 0.988  1.720 2.631 0.844 0.860  1.899 
it: 4.910 21.484 5.09e-05 2.195 3.731 0.919 0.958  1.527 2.514 0.794 0.808  1.861 
it: 4.920 21.527 5.08e-05 2.728 3.558 0.912 0.959  1.452 2.416 0.766 0.806  1.895 
it: 4.930 21.571 5.07e-05 2.799 3.989 0.943 1.015  1.865 2.746 0.840 0.866  1.887 
it: 4.940 21.614 5.06e-05 2.725 3.808 0.947 0.963  1.548 2.511 0.789 0.812  1.845 
it: 4.950 21.658 5.05e-05 2.904 4.373 0.980 0.992  2.751 2.793 0.814 0.837  1.853 
it: 4.960 21.701 5.04e-05 2.787 3.914 1.041 1.074  1.781 2.960 0.956 0.955  1.900 
it: 4.970 21.745 5.03e-05 3.072 4.309 1.064 1.101  2.265 3.492 1.024 1.027  1.897 
it: 4.980 21.789 5.02e-05 2.442 3.159 0.917 0.936  1.454 2.528 0.765 0.806  1.838 
it: 4.990 21.832 5.01e-05 2.307 4.414 0.896 0.941  1.492 3.068 0.761 0.781  1.868 
it: 5.000 21.876 5.00e-05 2.996 3.454 0.958 0.984  1.546 2.424 0.817 0.832  1.940 
it: 5.010 21.919 4.99e-05 2.935 3.690 0.952 0.993  1.615 2.824 0.812 0.843  1.895 
it: 5.020 21.963 4.98e-05 2.328 3.501 0.914 0.961  1.652 2.416 0.780 0.799  1.852 
it: 5.030 22.006 4.97e-05 2.320 3.436 0.904 0.942  1.622 2.605 0.761 0.798  1.906 
it: 5.040 22.050 4.96e-05 2.486 3.673 0.957 1.001  1.669 2.602 0.823 0.868  1.865 
it: 5.050 22.094 4.95e-05 3.048 3.955 0.937 0.958  2.046 2.977 0.809 0.827  1.901 
it: 5.060 22.138 4.94e-05 2.601 3.648 0.910 0.939  1.669 2.608 0.763 0.819  1.823 
it: 5.070 22.181 4.93e-05 2.324 3.649 0.898 0.948  1.350 2.473 0.763 0.806  1.965 
it: 5.080 22.225 4.92e-05 2.616 3.640 0.893 0.945  1.659 2.797 0.758 0.799  1.779 
it: 5.090 22.269 4.91e-05 2.574 3.545 0.887 0.948  1.441 2.460 0.740 0.801  1.867 
it: 5.100 22.312 4.90e-05 2.462 3.691 0.902 0.956  1.466 2.438 0.822 0.833  1.841 
it: 5.110 22.356 4.89e-05 2.296 3.289 0.894 0.946  1.458 2.352 0.750 0.792  1.807 
it: 5.120 22.400 4.88e-05 2.586 3.965 0.934 0.971  1.699 2.817 0.795 0.851  1.853 
it: 5.130 22.444 4.87e-05 2.389 3.350 0.923 0.966  1.521 2.639 0.801 0.838  1.869 
it: 5.140 22.487 4.86e-05 2.392 3.785 0.934 0.958  1.544 2.607 0.792 0.831  1.827 
it: 5.150 22.531 4.85e-05 2.515 3.345 0.906 0.944  1.538 2.451 0.780 0.801  1.847 
it: 5.160 22.574 4.84e-05 2.664 3.592 0.920 0.959  1.939 2.769 0.771 0.811  1.852 
it: 5.170 22.618 4.83e-05 2.521 3.568 0.932 0.982  1.712 2.707 0.817 0.848  1.808 
it: 5.180 22.662 4.82e-05 2.772 4.032 0.921 0.970  1.665 3.151 0.775 0.829  1.854 
it: 5.190 22.705 4.81e-05 2.443 3.259 0.909 0.952  1.568 2.367 0.766 0.786  1.810 
it: 5.200 22.749 4.80e-05 2.722 3.714 0.897 0.947  1.380 2.469 0.746 0.796  1.830 
it: 5.210 22.793 4.79e-05 2.483 4.004 0.973 1.018  1.650 2.757 0.841 0.884  1.893 
it: 5.220 22.836 4.78e-05 2.469 3.617 0.918 0.979  1.652 2.746 0.783 0.821  1.786 
it: 5.230 22.880 4.77e-05 2.607 4.274 0.965 1.016  1.761 2.881 0.798 0.874  1.805 
it: 5.240 22.923 4.76e-05 2.733 3.607 0.905 0.963  1.520 2.417 0.771 0.806  1.829 
it: 5.250 22.967 4.75e-05 3.284 4.460 0.959 0.982  2.233 3.281 0.858 0.865  1.795 
it: 5.260 23.011 4.74e-05 2.487 3.676 0.893 0.983  1.605 2.868 0.815 0.858  1.852 
it: 5.270 23.054 4.73e-05 2.641 4.418 0.945 0.977  1.693 3.112 0.801 0.839  1.879 
it: 5.280 23.099 4.72e-05 2.227 3.497 0.902 0.942  1.599 2.451 0.766 0.803  1.813 
it: 5.290 23.143 4.71e-05 2.602 3.532 0.892 0.959  1.598 2.407 0.746 0.809  1.765 
it: 5.300 23.186 4.70e-05 2.342 4.112 0.922 0.975  1.494 2.776 0.783 0.815  1.776 
it: 5.310 23.230 4.69e-05 2.514 3.536 0.893 0.936  1.455 2.363 0.741 0.778  1.875 
it: 5.320 23.273 4.68e-05 2.335 5.871 0.863 0.931  1.504 2.497 0.725 0.789  1.771 
it: 5.330 23.316 4.67e-05 2.272 3.623 0.939 0.978  1.602 2.486 0.785 0.838  1.759 
it: 5.340 23.360 4.66e-05 2.589 3.976 0.910 0.954  1.524 2.589 0.769 0.812  1.786 
it: 5.350 23.404 4.65e-05 2.626 3.971 0.900 0.986  1.516 2.581 0.800 0.837  1.783 
it: 5.360 23.448 4.64e-05 2.315 4.033 0.937 0.982  1.649 2.959 0.815 0.856  1.780 
it: 5.370 23.491 4.63e-05 2.501 3.847 0.883 0.949  1.627 3.133 0.768 0.801  1.792 
it: 5.380 23.535 4.62e-05 2.703 3.644 0.939 0.964  1.644 2.661 0.820 0.863  1.757 
it: 5.390 23.579 4.61e-05 2.053 3.678 0.870 0.931  1.282 2.590 0.740 0.780  1.771 
it: 5.400 23.622 4.60e-05 2.184 3.682 0.907 0.947  1.457 2.859 0.793 0.836  1.776 
it: 5.410 23.666 4.59e-05 2.323 3.422 0.926 0.972  1.639 2.635 0.846 0.858  1.767 
it: 5.420 23.710 4.58e-05 2.963 3.896 0.949 1.016  2.129 2.911 0.839 0.869  1.814 
it: 5.430 23.754 4.57e-05 2.304 3.615 0.914 0.943  1.728 2.733 0.764 0.796  1.748 
it: 5.440 23.798 4.56e-05 2.505 3.689 0.933 0.947  1.508 2.488 0.791 0.806  1.735 
it: 5.450 23.842 4.55e-05 2.242 3.934 0.926 0.947  1.469 2.720 0.748 0.792  1.765 
it: 5.460 23.887 4.54e-05 2.524 3.979 0.959 1.014  1.709 3.316 0.891 0.914  1.756 
it: 5.470 23.931 4.53e-05 2.562 3.386 0.892 0.944  1.587 2.410 0.765 0.790  1.737 
it: 5.480 23.974 4.52e-05 2.516 3.692 0.947 0.958  1.538 2.520 0.817 0.849  1.785 
it: 5.490 24.018 4.51e-05 2.427 3.603 0.903 0.958  1.447 2.627 0.755 0.790  1.802 
it: 5.500 24.062 4.50e-05 2.475 3.710 0.949 0.971  1.643 2.663 0.838 0.852  1.728 
it: 5.510 24.106 4.49e-05 2.493 3.706 0.952 0.998  1.539 2.582 0.849 0.886  1.722 
it: 5.520 24.149 4.48e-05 2.759 4.204 1.054 1.094  2.107 3.115 0.996 1.023  1.771 
it: 5.530 24.193 4.47e-05 2.647 3.856 0.975 0.993  1.871 2.722 0.857 0.895  1.765 
it: 5.540 24.237 4.46e-05 2.961 3.597 0.921 0.946  1.507 2.595 0.811 0.827  1.743 
it: 5.550 24.281 4.45e-05 2.401 3.933 0.896 0.928  1.478 2.602 0.754 0.784  1.695 
it: 5.560 24.324 4.44e-05 2.611 3.822 0.998 1.029  1.802 3.005 0.910 0.945  1.764 
it: 5.570 24.368 4.43e-05 2.505 3.386 0.895 0.922  1.437 2.286 0.743 0.781  1.779 
it: 5.580 24.412 4.42e-05 2.384 3.525 0.916 0.946  1.443 2.431 0.762 0.809  1.810 
it: 5.590 24.455 4.41e-05 2.755 4.284 0.933 0.993  1.610 2.966 0.756 0.825  1.718 
it: 5.600 24.499 4.40e-05 2.668 3.565 0.890 0.949  1.425 2.450 0.758 0.793  1.734 
it: 5.610 24.543 4.39e-05 2.294 3.881 0.902 0.952  1.595 2.599 0.820 0.839  1.723 
it: 5.620 24.586 4.38e-05 2.750 3.379 0.948 0.958  1.788 2.472 0.809 0.855  1.768 
it: 5.630 24.630 4.37e-05 2.335 3.458 0.911 0.931  1.286 2.504 0.743 0.792  1.688 
it: 5.640 24.674 4.36e-05 2.428 3.770 0.911 0.955  1.633 2.851 0.781 0.818  1.706 
it: 5.650 24.717 4.35e-05 2.607 3.730 0.905 0.936  1.550 2.517 0.755 0.767  1.747 
it: 5.660 24.760 4.34e-05 2.411 3.368 0.889 0.971  1.443 2.498 0.776 0.825  1.707 
it: 5.670 24.804 4.33e-05 2.827 4.096 0.899 0.955  2.230 3.625 0.784 0.800  1.719 
it: 5.680 24.848 4.32e-05 2.321 3.537 0.900 0.940  1.459 2.600 0.748 0.799  1.681 
it: 5.690 24.891 4.31e-05 2.309 4.078 0.889 0.919  1.513 2.606 0.741 0.776  1.716 
it: 5.700 24.935 4.30e-05 2.975 3.486 0.911 0.950  1.791 2.413 0.781 0.796  1.740 
it: 5.710 24.978 4.29e-05 3.194 3.860 0.955 0.998  2.004 2.994 0.835 0.864  1.708 
it: 5.720 25.022 4.28e-05 3.420 4.389 1.092 1.130  2.295 3.476 0.967 1.043  1.698 
it: 5.730 25.066 4.27e-05 2.524 3.688 0.899 0.948  1.683 2.583 0.752 0.797  1.713 
it: 5.740 25.111 4.26e-05 2.163 3.475 0.888 0.916  1.295 2.441 0.748 0.771  1.702 
it: 5.750 25.155 4.25e-05 2.464 3.342 0.880 0.923  1.432 2.259 0.758 0.768  1.737 
it: 5.760 25.199 4.24e-05 2.514 3.824 0.915 0.972  1.625 2.668 0.807 0.808  1.724 
it: 5.770 25.243 4.23e-05 2.475 4.005 0.916 0.987  1.457 2.728 0.773 0.842  1.704 
it: 5.780 25.287 4.22e-05 2.384 3.528 0.904 0.945  1.463 2.658 0.748 0.799  1.716 
it: 5.790 25.330 4.21e-05 2.445 3.407 0.891 0.903  1.405 2.325 0.759 0.763  1.724 
it: 5.800 25.374 4.20e-05 2.322 3.502 0.882 0.946  1.557 2.477 0.741 0.798  1.682 
it: 5.810 25.418 4.19e-05 2.301 3.657 0.879 0.944  1.271 2.733 0.740 0.772  1.685 
it: 5.820 25.463 4.18e-05 2.436 3.544 0.925 0.957  1.656 2.518 0.810 0.853  1.701 
it: 5.830 25.506 4.17e-05 2.370 3.551 0.909 0.939  1.378 2.377 0.782 0.804  1.711 
it: 5.840 25.550 4.16e-05 2.730 3.467 0.885 0.925  1.412 2.525 0.728 0.759  1.707 
it: 5.850 25.594 4.15e-05 2.451 3.589 0.904 0.928  1.449 2.640 0.749 0.794  1.703 
it: 5.860 25.638 4.14e-05 2.145 3.880 0.897 0.961  1.321 3.198 0.767 0.822  1.666 
it: 5.870 25.681 4.13e-05 2.222 3.605 0.868 0.923  1.384 2.587 0.735 0.768  1.681 
it: 5.880 25.725 4.12e-05 2.347 3.556 0.880 0.945  1.494 2.769 0.787 0.818  1.679 
it: 5.890 25.768 4.11e-05 2.623 3.426 0.921 0.939  1.741 2.452 0.798 0.817  1.674 
it: 5.900 25.812 4.10e-05 2.610 3.997 0.897 0.933  1.768 2.901 0.747 0.779  1.684 
it: 5.910 25.856 4.09e-05 2.610 3.495 0.888 0.931  1.898 2.616 0.748 0.791  1.755 
it: 5.920 25.900 4.08e-05 2.328 3.481 0.892 0.946  1.535 2.709 0.781 0.817  1.622 
it: 5.930 25.944 4.07e-05 2.716 3.662 0.900 0.939  1.559 2.818 0.782 0.809  1.684 
it: 5.940 25.988 4.06e-05 2.125 3.370 0.900 0.936  1.317 2.455 0.741 0.778  1.702 
it: 5.950 26.032 4.05e-05 2.653 3.542 0.951 0.955  1.575 2.882 0.785 0.818  1.643 
it: 5.960 26.076 4.04e-05 2.493 4.029 0.906 0.960  1.517 2.603 0.762 0.793  1.650 
it: 5.970 26.119 4.03e-05 2.287 3.742 0.890 0.951  1.470 2.488 0.760 0.820  1.643 
it: 5.980 26.163 4.02e-05 2.262 3.360 0.899 0.952  1.337 2.733 0.752 0.808  1.682 
it: 5.990 26.207 4.01e-05 2.217 3.437 0.890 0.904  1.349 2.458 0.749 0.787  1.629 
it: 6.000 26.251 4.00e-05 2.278 3.732 0.908 0.964  1.374 2.717 0.765 0.815  1.647 
it: 6.010 26.295 3.99e-05 2.312 3.341 0.895 0.951  1.523 2.399 0.789 0.814  1.681 
it: 6.020 26.338 3.98e-05 2.480 3.294 0.905 0.889  1.387 2.461 0.744 0.751  1.680 
it: 6.030 26.382 3.97e-05 2.652 3.788 0.896 0.965  1.478 2.915 0.791 0.852  1.666 
it: 6.040 26.426 3.96e-05 2.743 4.004 0.912 0.954  2.071 2.635 0.777 0.811  1.618 
it: 6.050 26.469 3.95e-05 2.229 3.612 0.874 0.950  1.447 2.653 0.771 0.807  1.645 
it: 6.060 26.513 3.94e-05 2.951 3.613 0.959 1.011  1.522 2.579 0.830 0.884  1.667 
it: 6.070 26.557 3.93e-05 2.907 3.336 0.911 0.921  1.627 2.373 0.794 0.797  1.707 
it: 6.080 26.602 3.92e-05 2.726 3.406 0.898 0.927  1.426 2.367 0.747 0.793  1.737 
it: 6.090 26.647 3.91e-05 2.467 3.550 0.895 0.914  1.520 2.489 0.758 0.770  1.587 
it: 6.100 26.691 3.90e-05 2.635 3.426 0.895 0.926  1.698 2.317 0.761 0.792  1.694 
it: 6.110 26.734 3.89e-05 2.575 3.691 0.901 0.943  1.539 2.589 0.766 0.799  1.645 
it: 6.120 26.778 3.88e-05 2.186 3.480 0.874 0.928  1.326 2.501 0.741 0.782  1.642 
it: 6.130 26.821 3.87e-05 2.487 3.421 0.896 0.936  1.589 2.364 0.783 0.821  1.628 
it: 6.140 26.865 3.86e-05 2.399 3.534 0.866 0.946  1.325 2.453 0.738 0.784  1.649 
it: 6.150 26.909 3.85e-05 2.111 3.468 0.880 0.925  1.255 2.378 0.721 0.758  1.634 
it: 6.160 26.952 3.84e-05 2.267 3.513 0.879 0.948  1.557 2.490 0.740 0.804  1.659 
it: 6.170 26.996 3.83e-05 2.199 3.482 0.999 1.002  1.490 2.686 0.850 0.884  1.683 
it: 6.180 27.039 3.82e-05 2.462 3.614 0.894 0.945  1.370 2.612 0.750 0.802  1.688 
it: 6.190 27.083 3.81e-05 2.118 3.517 0.870 0.932  1.278 2.649 0.711 0.778  1.575 
it: 6.200 27.127 3.80e-05 2.514 3.481 0.903 0.975  1.482 2.681 0.783 0.828  1.617 
it: 6.210 27.170 3.79e-05 2.467 3.691 0.915 0.955  1.368 2.572 0.778 0.802  1.637 
it: 6.220 27.214 3.78e-05 2.567 3.573 0.891 0.925  1.456 2.475 0.744 0.788  1.653 
it: 6.230 27.258 3.77e-05 2.099 3.265 0.885 0.904  1.348 2.283 0.749 0.781  1.585 
it: 6.240 27.302 3.76e-05 2.389 3.490 0.875 0.919  1.593 2.653 0.714 0.761  1.603 
it: 6.250 27.346 3.75e-05 2.389 3.436 0.888 0.915  1.286 2.251 0.722 0.760  1.625 
it: 6.260 27.390 3.74e-05 2.207 3.560 0.899 0.938  1.440 2.526 0.790 0.818  1.586 
it: 6.270 27.433 3.73e-05 2.416 4.034 0.875 0.930  1.503 2.836 0.747 0.786  1.586 
it: 6.280 27.477 3.72e-05 2.285 3.739 0.875 0.939  1.616 2.737 0.743 0.797  1.607 
it: 6.290 27.520 3.71e-05 2.321 3.578 0.871 0.922  1.272 2.614 0.729 0.775  1.617 
it: 6.300 27.564 3.70e-05 2.700 3.430 0.959 0.979  1.541 2.417 0.832 0.840  1.602 
it: 6.310 27.608 3.69e-05 2.197 3.741 0.862 0.896  1.213 2.545 0.718 0.746  1.606 
it: 6.320 27.652 3.68e-05 2.435 3.427 0.896 0.930  1.870 2.429 0.765 0.804  1.609 
it: 6.330 27.696 3.67e-05 2.367 3.365 0.897 0.957  1.428 2.741 0.756 0.826  1.611 
it: 6.340 27.740 3.66e-05 2.388 3.835 0.874 0.930  1.682 2.674 0.739 0.790  1.655 
it: 6.350 27.783 3.65e-05 2.408 3.327 0.904 0.939  1.483 2.568 0.751 0.795  1.588 
it: 6.360 27.827 3.64e-05 2.063 3.328 0.868 0.921  1.284 2.469 0.735 0.768  1.574 
it: 6.370 27.872 3.63e-05 2.293 3.707 0.911 0.916  1.476 2.591 0.725 0.791  1.596 
it: 6.380 27.916 3.62e-05 2.697 3.543 0.875 0.913  1.395 2.262 0.743 0.766  1.567 
it: 6.390 27.959 3.61e-05 2.329 3.370 0.901 0.956  1.397 2.552 0.754 0.800  1.601 
it: 6.400 28.003 3.60e-05 2.207 3.997 0.865 0.927  1.399 2.817 0.749 0.791  1.616 
it: 6.410 28.047 3.59e-05 2.047 3.522 0.868 0.908  1.379 2.291 0.733 0.757  1.542 
it: 6.420 28.091 3.58e-05 2.631 3.542 0.896 0.924  1.640 2.493 0.772 0.817  1.610 
it: 6.430 28.135 3.57e-05 2.054 3.558 0.869 0.926  1.365 2.665 0.744 0.765  1.589 
it: 6.440 28.179 3.56e-05 2.192 3.769 0.908 0.969  1.545 3.563 0.789 0.852  1.568 
it: 6.450 28.223 3.55e-05 2.519 3.392 0.879 0.933  1.308 2.467 0.742 0.797  1.572 
it: 6.460 28.266 3.54e-05 2.449 3.382 0.893 0.940  1.533 2.405 0.774 0.775  1.588 
it: 6.470 28.309 3.53e-05 2.374 3.398 0.884 0.902  1.221 2.344 0.721 0.743  1.538 
it: 6.480 28.353 3.52e-05 2.083 3.382 0.875 0.915  1.266 2.524 0.732 0.795  1.574 
it: 6.490 28.397 3.51e-05 2.044 3.333 0.868 0.900  1.238 2.387 0.722 0.760  1.588 
it: 6.500 28.441 3.50e-05 2.137 3.409 0.868 0.902  1.370 2.256 0.732 0.756  1.540 
it: 6.510 28.484 3.49e-05 2.258 3.382 0.853 0.905  1.454 2.570 0.752 0.790  1.549 
it: 6.520 28.528 3.48e-05 2.102 3.619 0.877 0.928  1.262 2.576 0.733 0.756  1.569 
it: 6.530 28.572 3.47e-05 2.189 3.315 0.862 0.917  1.355 2.397 0.720 0.757  1.596 
it: 6.540 28.616 3.46e-05 2.533 3.759 0.920 0.957  1.326 2.759 0.751 0.778  1.539 
it: 6.550 28.660 3.45e-05 2.124 3.120 0.887 0.905  1.255 2.405 0.746 0.768  1.558 
it: 6.560 28.703 3.44e-05 2.424 3.490 0.910 0.947  1.674 2.469 0.775 0.797  1.590 
it: 6.570 28.747 3.43e-05 2.441 3.130 0.850 0.912  1.261 2.295 0.720 0.760  1.539 
it: 6.580 28.791 3.42e-05 2.035 3.202 0.876 0.915  1.261 2.307 0.758 0.784  1.537 
it: 6.590 28.835 3.41e-05 2.376 3.739 0.881 0.908  1.401 2.365 0.718 0.773  1.547 
it: 6.600 28.878 3.40e-05 2.385 3.354 0.854 0.900  1.180 2.476 0.705 0.769  1.648 
it: 6.610 28.922 3.39e-05 2.530 3.684 0.935 0.988  1.523 2.549 0.825 0.862  1.543 
it: 6.620 28.966 3.38e-05 2.101 3.880 0.859 0.903  1.337 2.609 0.718 0.765  1.535 
it: 6.630 29.010 3.37e-05 2.081 3.145 0.839 0.910  1.173 2.294 0.712 0.759  1.538 
it: 6.640 29.053 3.36e-05 2.256 3.544 0.849 0.895  1.271 2.248 0.710 0.766  1.536 
it: 6.650 29.097 3.35e-05 2.653 4.384 0.956 1.007  1.892 3.175 0.876 0.899  1.548 
it: 6.660 29.141 3.34e-05 2.034 3.470 0.898 0.929  1.318 2.413 0.782 0.806  1.528 
it: 6.670 29.184 3.33e-05 2.347 3.342 0.884 0.916  1.331 2.446 0.744 0.768  1.542 
it: 6.680 29.228 3.32e-05 2.633 3.311 0.898 0.906  1.528 2.296 0.740 0.773  1.541 
it: 6.690 29.273 3.31e-05 2.324 3.791 0.925 0.956  1.458 2.723 0.787 0.810  1.553 
it: 6.700 29.317 3.30e-05 2.777 3.351 0.908 0.932  1.384 2.244 0.777 0.817  1.533 
it: 6.710 29.361 3.29e-05 2.479 3.353 0.871 0.913  1.565 2.159 0.713 0.765  1.605 
it: 6.720 29.405 3.28e-05 2.077 3.655 0.877 0.901  1.437 2.391 0.731 0.770  1.546 
it: 6.730 29.450 3.27e-05 2.197 3.644 0.883 0.938  1.259 2.867 0.737 0.798  1.505 
it: 6.740 29.496 3.26e-05 2.181 3.383 0.865 0.905  1.371 2.277 0.711 0.760  1.563 
it: 6.750 29.540 3.25e-05 2.569 3.534 0.858 0.907  1.425 2.655 0.720 0.750  1.532 
it: 6.760 29.583 3.24e-05 2.149 3.593 0.879 0.933  1.351 2.368 0.758 0.808  1.517 
it: 6.770 29.627 3.23e-05 2.192 3.378 0.903 0.919  1.481 2.426 0.776 0.781  1.530 
it: 6.780 29.671 3.22e-05 2.292 3.386 0.900 0.945  1.398 2.595 0.728 0.793  1.537 
it: 6.790 29.714 3.21e-05 2.371 3.353 0.885 0.910  1.351 2.367 0.726 0.759  1.507 
it: 6.800 29.758 3.20e-05 2.060 3.276 0.863 0.888  1.309 2.698 0.725 0.763  1.507 
it: 6.810 29.801 3.19e-05 2.151 3.556 0.872 0.946  1.230 2.494 0.721 0.770  1.535 
it: 6.820 29.845 3.18e-05 2.467 3.410 0.886 0.933  1.352 2.373 0.749 0.793  1.538 
it: 6.830 29.889 3.17e-05 2.379 3.376 0.862 0.921  1.276 2.434 0.719 0.793  1.522 
it: 6.840 29.932 3.16e-05 2.257 3.492 0.887 0.919  1.382 2.424 0.746 0.770  1.545 
it: 6.850 29.975 3.15e-05 2.267 3.492 0.850 0.914  1.401 2.343 0.714 0.769  1.523 
it: 6.860 30.019 3.14e-05 2.321 3.594 0.871 0.923  1.463 2.381 0.738 0.787  1.471 
it: 6.870 30.062 3.13e-05 2.182 3.730 0.863 0.894  1.263 2.680 0.713 0.753  1.487 
it: 6.880 30.107 3.12e-05 1.981 3.478 0.856 0.905  1.232 2.210 0.729 0.728  1.559 
it: 6.890 30.150 3.11e-05 2.273 3.614 0.910 0.937  1.440 2.477 0.800 0.833  1.501 
it: 6.900 30.194 3.10e-05 2.489 3.369 0.872 0.915  1.217 2.276 0.715 0.747  1.526 
it: 6.910 30.238 3.09e-05 2.039 3.908 0.839 0.906  1.268 2.610 0.715 0.769  1.491 
it: 6.920 30.281 3.08e-05 2.124 3.700 0.867 0.898  1.296 2.489 0.699 0.758  1.506 
it: 6.930 30.325 3.07e-05 2.389 3.266 0.876 0.934  1.468 2.377 0.761 0.804  1.502 
it: 6.940 30.369 3.06e-05 2.273 3.264 0.860 0.899  1.141 2.191 0.709 0.737  1.501 
it: 6.950 30.412 3.05e-05 2.166 3.373 0.848 0.896  1.197 2.470 0.705 0.757  1.489 
it: 6.960 30.456 3.04e-05 2.322 3.611 0.914 0.937  1.443 2.834 0.772 0.804  1.495 
it: 6.970 30.499 3.03e-05 2.039 3.285 0.848 0.904  1.221 2.439 0.721 0.768  1.492 
it: 6.980 30.543 3.02e-05 2.482 3.565 0.931 0.989  1.503 2.613 0.812 0.864  1.467 
it: 6.990 30.587 3.01e-05 2.144 3.729 0.872 0.890  1.380 2.579 0.731 0.767  1.505 
it: 7.000 30.630 3.00e-05 2.169 3.497 0.858 0.894  1.364 2.599 0.720 0.744  1.463 
it: 7.010 30.674 2.99e-05 2.345 3.155 0.871 0.911  1.311 2.289 0.732 0.769  1.485 
it: 7.020 30.717 2.98e-05 2.049 3.452 0.831 0.896  1.210 2.212 0.712 0.756  1.519 
it: 7.030 30.761 2.97e-05 2.244 3.204 0.875 0.897  1.328 2.178 0.739 0.742  1.456 
it: 7.040 30.804 2.96e-05 2.206 3.503 0.864 0.894  1.259 2.355 0.712 0.763  1.484 
it: 7.050 30.848 2.95e-05 2.070 3.665 0.880 0.903  1.220 2.459 0.731 0.746  1.474 
it: 7.060 30.892 2.94e-05 2.520 3.551 0.909 0.946  1.482 2.484 0.807 0.833  1.473 
it: 7.070 30.936 2.93e-05 1.954 3.545 0.868 0.923  1.281 2.539 0.741 0.781  1.466 
it: 7.080 30.980 2.92e-05 2.287 3.412 0.856 0.896  1.151 2.195 0.724 0.746  1.479 
it: 7.090 31.023 2.91e-05 2.338 3.299 0.880 0.901  1.409 2.292 0.753 0.768  1.473 
it: 7.100 31.067 2.90e-05 2.177 3.257 0.863 0.919  1.215 2.295 0.730 0.766  1.466 
it: 7.110 31.111 2.89e-05 2.106 3.643 0.874 0.898  1.254 2.647 0.722 0.764  1.520 
it: 7.120 31.155 2.88e-05 2.238 4.235 0.923 0.925  1.284 2.974 0.746 0.803  1.451 
it: 7.130 31.199 2.87e-05 2.404 3.511 0.857 0.897  1.529 2.385 0.710 0.751  1.469 
it: 7.140 31.243 2.86e-05 2.104 3.107 0.841 0.879  1.205 2.208 0.717 0.738  1.457 
it: 7.150 31.286 2.85e-05 2.044 3.455 0.873 0.921  1.293 2.246 0.722 0.773  1.476 
it: 7.160 31.330 2.84e-05 2.195 3.232 0.851 0.889  1.360 2.092 0.714 0.746  1.456 
it: 7.170 31.374 2.83e-05 2.072 3.401 0.858 0.899  1.394 2.384 0.708 0.754  1.473 
it: 7.180 31.418 2.82e-05 2.292 3.237 0.872 0.896  1.314 2.179 0.723 0.754  1.467 
it: 7.190 31.461 2.81e-05 2.514 3.559 0.864 0.911  1.513 2.414 0.702 0.765  1.458 
it: 7.200 31.505 2.80e-05 1.917 3.280 0.871 0.920  1.242 2.262 0.712 0.763  1.463 
it: 7.210 31.549 2.79e-05 1.982 3.581 0.849 0.926  1.288 2.509 0.738 0.784  1.456 
it: 7.220 31.593 2.78e-05 2.343 3.532 0.887 0.925  1.433 2.498 0.764 0.770  1.482 
it: 7.230 31.636 2.77e-05 2.319 3.295 0.829 0.908  1.282 2.240 0.704 0.747  1.450 
it: 7.240 31.680 2.76e-05 2.388 3.282 0.876 0.911  1.452 2.367 0.749 0.789  1.456 
it: 7.250 31.724 2.75e-05 2.204 3.245 0.851 0.912  1.317 2.341 0.735 0.772  1.431 
it: 7.260 31.768 2.74e-05 2.446 3.464 0.862 0.904  1.232 2.486 0.718 0.748  1.459 
it: 7.270 31.812 2.73e-05 2.263 3.656 0.893 0.924  1.287 2.578 0.711 0.751  1.448 
it: 7.280 31.855 2.72e-05 2.211 3.290 0.847 0.893  1.330 2.300 0.705 0.756  1.463 
it: 7.290 31.899 2.71e-05 2.147 3.531 0.854 0.917  1.417 2.345 0.717 0.762  1.398 
it: 7.300 31.943 2.70e-05 2.107 3.481 0.863 0.895  1.265 2.235 0.717 0.740  1.463 
it: 7.310 31.988 2.69e-05 2.467 3.261 0.905 0.934  1.559 2.274 0.755 0.808  1.443 
it: 7.320 32.031 2.68e-05 2.107 3.622 0.876 0.895  1.354 2.590 0.723 0.743  1.488 
it: 7.330 32.075 2.67e-05 2.159 3.782 0.863 0.897  1.246 2.195 0.736 0.757  1.411 
it: 7.340 32.119 2.66e-05 2.389 3.349 0.864 0.907  1.220 2.439 0.717 0.792  1.429 
it: 7.350 32.163 2.65e-05 2.048 3.274 0.873 0.927  1.323 2.375 0.763 0.795  1.423 
it: 7.360 32.207 2.64e-05 2.234 3.174 0.878 0.904  1.256 2.247 0.733 0.750  1.412 
it: 7.370 32.251 2.63e-05 1.990 3.536 0.858 0.902  1.240 2.222 0.714 0.744  1.417 
it: 7.380 32.295 2.62e-05 2.300 3.220 0.846 0.889  1.237 2.328 0.733 0.770  1.449 
it: 7.390 32.340 2.61e-05 2.052 3.234 0.896 0.935  1.171 2.220 0.724 0.766  1.434 
it: 7.400 32.383 2.60e-05 1.801 3.260 0.839 0.914  1.164 2.193 0.700 0.744  1.441 
it: 7.410 32.427 2.59e-05 2.416 3.260 0.867 0.884  1.342 2.253 0.737 0.752  1.411 
it: 7.420 32.471 2.58e-05 2.153 3.319 0.857 0.887  1.133 2.128 0.705 0.735  1.422 
it: 7.430 32.514 2.57e-05 2.162 3.292 0.868 0.894  1.322 2.356 0.726 0.774  1.457 
it: 7.440 32.558 2.56e-05 2.252 3.343 0.860 0.931  1.370 2.300 0.721 0.774  1.420 
it: 7.450 32.602 2.55e-05 2.181 3.512 0.851 0.896  1.285 2.293 0.695 0.747  1.413 
it: 7.460 32.646 2.54e-05 2.230 3.263 0.854 0.911  1.300 2.286 0.742 0.776  1.424 
it: 7.470 32.689 2.53e-05 2.067 3.500 0.859 0.908  1.344 2.259 0.751 0.782  1.462 
it: 7.480 32.733 2.52e-05 2.406 3.287 0.904 0.927  1.554 2.411 0.778 0.822  1.399 
it: 7.490 32.777 2.51e-05 2.321 3.243 0.845 0.902  1.205 2.271 0.703 0.748  1.426 
it: 7.500 32.821 2.50e-05 1.986 3.409 0.867 0.895  1.321 2.459 0.723 0.754  1.447 
it: 7.510 32.865 2.49e-05 1.990 3.614 0.859 0.899  1.201 2.522 0.715 0.772  1.414 
it: 7.520 32.909 2.48e-05 2.335 3.056 0.860 0.886  1.570 2.290 0.710 0.755  1.424 
it: 7.530 32.953 2.47e-05 2.014 3.188 0.837 0.883  1.199 2.199 0.705 0.727  1.457 
it: 7.540 32.997 2.46e-05 1.911 3.134 0.848 0.879  1.257 2.331 0.711 0.735  1.413 
it: 7.550 33.041 2.45e-05 2.194 3.362 0.861 0.913  1.263 2.456 0.712 0.751  1.415 
it: 7.560 33.085 2.44e-05 2.059 3.327 0.867 0.914  1.296 2.282 0.761 0.788  1.395 
it: 7.570 33.129 2.43e-05 1.931 3.478 0.836 0.887  1.270 2.261 0.697 0.737  1.404 
it: 7.580 33.173 2.42e-05 2.678 3.206 0.853 0.907  1.188 2.455 0.705 0.753  1.400 
it: 7.590 33.216 2.41e-05 1.945 3.294 0.831 0.887  1.314 2.263 0.699 0.756  1.393 
it: 7.600 33.260 2.40e-05 2.281 3.564 0.889 0.916  1.343 2.596 0.727 0.773  1.407 
it: 7.610 33.304 2.39e-05 2.307 3.265 0.857 0.892  1.297 2.472 0.732 0.757  1.419 
it: 7.620 33.348 2.38e-05 1.995 3.522 0.848 0.893  1.142 2.529 0.680 0.730  1.387 
it: 7.630 33.392 2.37e-05 2.102 3.142 0.831 0.877  1.185 2.391 0.693 0.726  1.423 
it: 7.640 33.435 2.36e-05 2.068 3.625 0.850 0.898  1.208 2.407 0.715 0.742  1.368 
it: 7.650 33.479 2.35e-05 1.991 3.450 0.833 0.870  1.167 2.792 0.698 0.738  1.402 
it: 7.660 33.523 2.34e-05 2.367 3.327 0.857 0.888  1.175 2.113 0.709 0.733  1.403 
it: 7.670 33.567 2.33e-05 2.042 3.215 0.862 0.897  1.153 2.207 0.699 0.740  1.386 
it: 7.680 33.610 2.32e-05 2.029 3.282 0.876 0.905  1.244 2.343 0.727 0.765  1.409 
it: 7.690 33.654 2.31e-05 2.225 3.202 0.852 0.880  1.174 2.344 0.695 0.755  1.385 
it: 7.700 33.697 2.30e-05 2.200 3.533 0.877 0.912  1.277 2.526 0.725 0.781  1.381 
it: 7.710 33.741 2.29e-05 1.896 3.444 0.849 0.912  1.210 2.270 0.716 0.747  1.391 
it: 7.720 33.784 2.28e-05 2.128 3.501 0.870 0.902  1.184 2.398 0.714 0.757  1.364 
it: 7.730 33.828 2.27e-05 2.371 3.595 0.861 0.908  1.263 2.747 0.714 0.762  1.383 
it: 7.740 33.872 2.26e-05 2.120 3.659 0.852 0.896  1.219 2.389 0.705 0.740  1.375 
it: 7.750 33.915 2.25e-05 2.200 3.404 0.890 0.912  1.371 2.338 0.747 0.792  1.371 
it: 7.760 33.958 2.24e-05 2.116 3.410 0.853 0.911  1.109 2.485 0.691 0.744  1.366 
it: 7.770 34.003 2.23e-05 2.088 3.404 0.843 0.878  1.257 2.262 0.709 0.744  1.391 
it: 7.780 34.046 2.22e-05 2.280 3.218 0.875 0.908  1.466 2.409 0.739 0.786  1.362 
it: 7.790 34.090 2.21e-05 2.125 3.157 0.846 0.875  1.214 2.238 0.702 0.748  1.387 
it: 7.800 34.133 2.20e-05 2.226 3.396 0.859 0.904  1.572 2.288 0.723 0.750  1.367 
it: 7.810 34.177 2.19e-05 2.064 3.429 0.829 0.873  1.175 2.421 0.702 0.738  1.380 
it: 7.820 34.221 2.18e-05 2.038 3.423 0.851 0.872  1.105 2.173 0.711 0.742  1.348 
it: 7.830 34.264 2.17e-05 2.327 3.221 0.909 0.929  1.301 2.348 0.797 0.830  1.364 
it: 7.840 34.308 2.16e-05 2.069 3.297 0.863 0.882  1.213 2.157 0.715 0.730  1.362 
it: 7.850 34.352 2.15e-05 2.046 3.321 0.830 0.877  1.204 2.413 0.693 0.721  1.369 
it: 7.860 34.397 2.14e-05 2.038 3.521 0.876 0.904  1.301 2.453 0.766 0.797  1.365 
it: 7.870 34.440 2.13e-05 2.105 3.141 0.854 0.895  1.170 2.377 0.697 0.741  1.408 
it: 7.880 34.484 2.12e-05 2.081 3.346 0.838 0.900  1.191 2.221 0.709 0.773  1.361 
it: 7.890 34.528 2.11e-05 2.046 3.237 0.839 0.874  1.235 2.162 0.695 0.731  1.355 
it: 7.900 34.572 2.10e-05 2.041 3.227 0.840 0.871  1.167 2.261 0.695 0.733  1.341 
it: 7.910 34.615 2.09e-05 1.879 3.405 0.837 0.881  1.244 2.383 0.690 0.739  1.344 
it: 7.920 34.659 2.08e-05 2.154 3.433 0.839 0.866  1.211 2.316 0.708 0.735  1.388 
it: 7.930 34.702 2.07e-05 1.904 3.491 0.853 0.869  1.176 2.290 0.695 0.758  1.351 
it: 7.940 34.746 2.06e-05 2.061 3.526 0.879 0.901  1.208 2.421 0.704 0.765  1.343 
it: 7.950 34.790 2.05e-05 2.141 3.171 0.838 0.889  1.157 2.300 0.705 0.742  1.352 
it: 7.960 34.833 2.04e-05 2.146 3.388 0.853 0.886  1.181 2.575 0.728 0.774  1.347 
it: 7.970 34.877 2.03e-05 2.103 3.154 0.837 0.863  1.240 2.152 0.690 0.740  1.358 
it: 7.980 34.921 2.02e-05 2.235 3.473 0.950 0.971  1.588 2.528 0.868 0.861  1.363 
it: 7.990 34.965 2.01e-05 2.019 3.372 0.860 0.896  1.204 2.443 0.701 0.752  1.356 
it: 8.000 35.009 2.00e-05 1.848 3.505 0.854 0.898  1.123 2.217 0.726 0.766  1.362 
it: 8.010 35.054 1.99e-05 2.015 3.293 0.848 0.871  1.136 2.182 0.714 0.737  1.324 
it: 8.020 35.098 1.98e-05 1.876 3.286 0.855 0.899  1.253 2.396 0.726 0.757  1.364 
it: 8.030 35.143 1.97e-05 2.146 3.133 0.847 0.907  1.199 2.279 0.726 0.779  1.352 
it: 8.040 35.186 1.96e-05 2.464 3.041 0.832 0.886  1.249 2.167 0.711 0.760  1.337 
it: 8.050 35.230 1.95e-05 2.033 3.150 0.875 0.910  1.259 2.561 0.761 0.777  1.327 
it: 8.060 35.273 1.94e-05 1.892 3.244 0.827 0.894  1.180 2.264 0.685 0.746  1.331 
it: 8.070 35.317 1.93e-05 2.321 3.145 0.837 0.896  1.358 2.211 0.693 0.731  1.346 
it: 8.080 35.361 1.92e-05 1.902 3.269 0.837 0.903  1.114 2.369 0.684 0.749  1.316 
it: 8.090 35.404 1.91e-05 1.925 3.387 0.901 0.949  1.292 2.551 0.800 0.837  1.324 
it: 8.100 35.448 1.90e-05 2.326 3.642 0.837 0.887  1.208 2.408 0.670 0.737  1.337 
it: 8.110 35.492 1.89e-05 2.168 3.356 0.833 0.858  1.107 2.156 0.690 0.723  1.315 
it: 8.120 35.536 1.88e-05 2.091 3.540 0.851 0.886  1.148 2.349 0.693 0.747  1.337 
it: 8.130 35.579 1.87e-05 2.115 3.467 0.843 0.895  1.220 2.358 0.710 0.745  1.334 
it: 8.140 35.623 1.86e-05 2.137 3.388 0.842 0.900  1.154 2.420 0.694 0.757  1.319 
it: 8.150 35.667 1.85e-05 2.061 3.332 0.831 0.890  1.117 2.428 0.689 0.722  1.348 
it: 8.160 35.711 1.84e-05 2.852 3.670 0.849 0.902  1.201 2.380 0.727 0.761  1.313 
it: 8.170 35.754 1.83e-05 2.337 3.505 0.825 0.905  1.294 2.499 0.707 0.772  1.332 
it: 8.180 35.797 1.82e-05 1.980 2.996 0.844 0.895  1.168 2.253 0.685 0.739  1.313 
it: 8.190 35.841 1.81e-05 1.760 3.081 0.817 0.867  1.091 2.183 0.670 0.730  1.324 
it: 8.200 35.886 1.80e-05 2.274 3.213 0.830 0.901  1.210 2.314 0.689 0.750  1.321 
it: 8.210 35.930 1.79e-05 2.522 3.254 0.855 0.894  1.204 2.339 0.714 0.756  1.330 
it: 8.220 35.974 1.78e-05 2.037 3.198 0.859 0.885  1.103 2.368 0.695 0.727  1.336 
it: 8.230 36.017 1.77e-05 2.297 3.401 0.837 0.865  1.442 2.169 0.720 0.739  1.324 
it: 8.240 36.061 1.76e-05 1.851 3.550 0.829 0.873  1.100 2.441 0.699 0.730  1.321 
it: 8.250 36.105 1.75e-05 2.179 3.324 0.846 0.896  1.262 2.323 0.691 0.746  1.297 
it: 8.260 36.149 1.74e-05 2.076 3.523 0.854 0.881  1.174 2.269 0.710 0.742  1.314 
it: 8.270 36.192 1.73e-05 1.788 3.315 0.829 0.865  1.075 2.336 0.693 0.729  1.319 
it: 8.280 36.236 1.72e-05 2.065 3.172 0.807 0.889  1.083 2.157 0.675 0.736  1.318 
it: 8.290 36.281 1.71e-05 2.443 3.559 0.840 0.875  1.250 2.389 0.695 0.736  1.320 
it: 8.300 36.324 1.70e-05 2.065 3.381 0.847 0.895  1.158 2.221 0.682 0.747  1.304 
it: 8.310 36.368 1.69e-05 2.171 3.402 0.836 0.898  1.236 2.245 0.700 0.737  1.296 
it: 8.320 36.412 1.68e-05 2.169 3.362 0.842 0.902  1.106 2.351 0.691 0.722  1.314 
it: 8.330 36.455 1.67e-05 2.202 3.397 0.871 0.947  1.262 2.518 0.750 0.802  1.293 
it: 8.340 36.499 1.66e-05 2.230 3.281 0.842 0.899  1.094 2.260 0.672 0.732  1.299 
it: 8.350 36.542 1.65e-05 2.060 3.325 0.852 0.924  1.165 2.547 0.706 0.769  1.316 
it: 8.360 36.586 1.64e-05 1.996 3.039 0.843 0.897  1.168 2.278 0.709 0.757  1.296 
it: 8.370 36.629 1.63e-05 2.037 3.116 0.827 0.862  1.207 2.111 0.694 0.717  1.296 
it: 8.380 36.673 1.62e-05 2.030 3.413 0.827 0.902  1.251 2.149 0.730 0.768  1.300 
it: 8.390 36.717 1.61e-05 1.872 3.363 0.806 0.881  1.152 2.364 0.683 0.726  1.298 
it: 8.400 36.761 1.60e-05 1.873 3.318 0.844 0.891  1.152 2.452 0.684 0.743  1.279 
it: 8.410 36.805 1.59e-05 2.026 3.095 0.844 0.902  1.123 2.228 0.671 0.724  1.278 
it: 8.420 36.849 1.58e-05 2.243 3.794 0.855 0.873  1.168 2.302 0.691 0.726  1.316 
it: 8.430 36.893 1.57e-05 1.896 3.337 0.821 0.903  1.120 2.406 0.692 0.744  1.272 
it: 8.440 36.936 1.56e-05 2.360 3.318 0.857 0.890  1.218 2.288 0.700 0.745  1.303 
it: 8.450 36.980 1.55e-05 2.404 3.298 0.829 0.900  1.510 2.225 0.698 0.739  1.270 
it: 8.460 37.024 1.54e-05 2.183 3.544 0.839 0.894  1.183 2.426 0.703 0.750  1.282 
it: 8.470 37.068 1.53e-05 1.893 3.239 0.851 0.898  1.344 2.194 0.734 0.765  1.288 
it: 8.480 37.112 1.52e-05 2.146 3.406 0.830 0.890  1.112 2.507 0.696 0.732  1.291 
it: 8.490 37.156 1.51e-05 1.956 3.526 0.813 0.881  1.323 2.245 0.670 0.726  1.294 
it: 8.500 37.201 1.50e-05 1.899 3.043 0.828 0.874  1.099 2.240 0.694 0.725  1.281 
it: 8.510 37.245 1.49e-05 1.829 3.125 0.822 0.894  1.125 2.228 0.689 0.725  1.285 
it: 8.520 37.289 1.48e-05 2.273 3.047 0.833 0.873  1.165 2.322 0.687 0.748  1.272 
it: 8.530 37.332 1.47e-05 1.981 3.552 0.849 0.903  1.195 2.456 0.725 0.777  1.266 
it: 8.540 37.376 1.46e-05 2.001 3.314 0.850 0.866  1.130 2.210 0.669 0.713  1.272 
it: 8.550 37.420 1.45e-05 2.261 3.119 0.831 0.880  1.165 2.080 0.711 0.754  1.268 
it: 8.560 37.464 1.44e-05 2.004 3.160 0.828 0.877  1.178 2.242 0.674 0.720  1.261 
it: 8.570 37.507 1.43e-05 2.027 2.997 0.830 0.861  1.121 2.170 0.700 0.736  1.260 
it: 8.580 37.551 1.42e-05 2.210 3.364 0.837 0.881  1.122 2.092 0.692 0.729  1.271 
it: 8.590 37.595 1.41e-05 1.828 3.126 0.828 0.906  1.075 2.401 0.673 0.759  1.295 
it: 8.600 37.639 1.40e-05 1.946 3.334 0.853 0.888  1.061 2.089 0.712 0.738  1.267 
it: 8.610 37.682 1.39e-05 2.167 3.004 0.854 0.874  1.136 2.077 0.677 0.724  1.258 
it: 8.620 37.726 1.38e-05 2.054 3.629 0.827 0.878  1.049 2.454 0.675 0.707  1.256 
it: 8.630 37.770 1.37e-05 2.032 3.436 0.829 0.901  1.116 2.282 0.687 0.725  1.262 
it: 8.640 37.813 1.36e-05 1.959 3.298 0.837 0.893  1.150 2.259 0.683 0.719  1.264 
it: 8.650 37.857 1.35e-05 1.972 3.404 0.819 0.887  1.093 2.511 0.667 0.736  1.259 
it: 8.660 37.902 1.34e-05 1.984 3.116 0.852 0.883  1.122 2.147 0.712 0.760  1.257 
it: 8.670 37.946 1.33e-05 2.094 3.608 0.850 0.882  1.130 2.279 0.711 0.744  1.276 
it: 8.680 37.990 1.32e-05 1.915 3.416 0.834 0.885  1.155 2.316 0.701 0.746  1.247 
it: 8.690 38.034 1.31e-05 1.850 3.107 0.837 0.862  1.225 2.051 0.671 0.722  1.263 
it: 8.700 38.078 1.30e-05 1.989 3.101 0.843 0.899  1.113 2.127 0.708 0.728  1.280 
it: 8.710 38.121 1.29e-05 1.975 3.417 0.818 0.856  1.258 2.165 0.672 0.729  1.255 
it: 8.720 38.165 1.28e-05 2.492 3.146 0.841 0.875  1.533 2.274 0.682 0.731  1.267 
it: 8.730 38.208 1.27e-05 1.828 3.105 0.802 0.866  1.118 2.322 0.666 0.718  1.272 
it: 8.740 38.252 1.26e-05 2.100 3.507 0.807 0.864  1.122 2.330 0.661 0.716  1.242 
it: 8.750 38.296 1.25e-05 2.187 3.179 0.826 0.884  1.100 2.116 0.679 0.715  1.243 
it: 8.760 38.340 1.24e-05 1.961 3.584 0.839 0.876  1.069 2.249 0.681 0.730  1.257 
it: 8.770 38.383 1.23e-05 1.890 3.288 0.835 0.859  1.122 2.913 0.695 0.723  1.254 
it: 8.780 38.427 1.22e-05 2.073 3.146 0.838 0.865  1.132 2.113 0.666 0.707  1.248 
it: 8.790 38.471 1.21e-05 2.030 3.249 0.837 0.906  1.152 2.392 0.717 0.769  1.252 
it: 8.800 38.514 1.20e-05 1.899 3.467 0.840 0.892  1.190 2.314 0.707 0.753  1.240 
it: 8.810 38.558 1.19e-05 2.031 3.138 0.812 0.867  1.044 2.176 0.679 0.722  1.242 
it: 8.820 38.602 1.18e-05 2.157 3.511 0.859 0.889  1.121 2.122 0.695 0.741  1.248 
it: 8.830 38.645 1.17e-05 2.371 3.417 0.822 0.879  1.128 2.310 0.689 0.739  1.226 
it: 8.840 38.689 1.16e-05 2.091 3.343 0.836 0.875  1.138 2.476 0.689 0.715  1.243 
it: 8.850 38.732 1.15e-05 1.942 3.388 0.842 0.891  1.347 2.465 0.743 0.767  1.242 
it: 8.860 38.776 1.14e-05 2.148 3.496 0.846 0.884  1.111 2.189 0.684 0.710  1.243 
it: 8.870 38.820 1.13e-05 2.110 3.047 0.837 0.866  1.151 2.279 0.678 0.727  1.235 
it: 8.880 38.864 1.12e-05 1.902 3.181 0.826 0.861  1.120 2.122 0.667 0.725  1.232 
it: 8.890 38.908 1.11e-05 2.085 3.254 0.836 0.868  1.222 2.414 0.680 0.702  1.247 
it: 8.900 38.951 1.10e-05 1.942 3.465 0.826 0.876  1.116 2.544 0.665 0.726  1.242 
it: 8.910 38.995 1.09e-05 2.004 3.383 0.828 0.855  1.078 2.209 0.664 0.725  1.224 
it: 8.920 39.039 1.08e-05 2.145 3.569 0.823 0.880  1.098 2.288 0.701 0.740  1.237 
it: 8.930 39.083 1.07e-05 1.825 3.215 0.820 0.884  1.091 2.038 0.679 0.728  1.224 
it: 8.940 39.126 1.06e-05 2.110 3.135 0.817 0.872  1.127 2.111 0.666 0.720  1.234 
it: 8.950 39.170 1.05e-05 1.944 3.312 0.840 0.872  1.112 2.148 0.671 0.718  1.219 
it: 8.960 39.213 1.04e-05 1.939 3.351 0.822 0.878  1.139 2.655 0.680 0.735  1.223 
it: 8.970 39.257 1.03e-05 2.137 3.298 0.845 0.853  1.104 2.170 0.672 0.708  1.219 
it: 8.980 39.301 1.02e-05 1.838 3.049 0.843 0.866  1.094 2.139 0.670 0.706  1.225 
it: 8.990 39.345 1.01e-05 1.790 3.545 0.819 0.846  1.052 2.072 0.678 0.702  1.225 
it: 9.000 39.389 1.00e-05 1.879 3.785 0.832 0.867  1.193 2.152 0.691 0.731  1.226 
it: 9.010 39.433 9.90e-06 1.989 3.058 0.825 0.885  1.129 2.329 0.668 0.727  1.207 
it: 9.020 39.476 9.80e-06 1.994 3.342 0.827 0.874  1.166 2.250 0.708 0.744  1.231 
it: 9.030 39.520 9.70e-06 1.933 3.277 0.826 0.863  1.073 2.234 0.674 0.724  1.228 
it: 9.040 39.564 9.60e-06 2.045 3.128 0.820 0.860  1.066 2.144 0.671 0.724  1.226 
it: 9.050 39.608 9.50e-06 1.945 3.382 0.843 0.873  1.111 2.106 0.682 0.738  1.213 
it: 9.060 39.651 9.40e-06 2.026 2.999 0.837 0.868  1.194 2.043 0.694 0.725  1.216 
it: 9.070 39.695 9.30e-06 2.007 3.227 0.811 0.868  1.080 2.357 0.680 0.716  1.224 
it: 9.080 39.738 9.20e-06 2.037 3.162 0.814 0.872  1.192 2.355 0.669 0.730  1.224 
it: 9.090 39.782 9.10e-06 2.027 3.287 0.832 0.867  1.068 2.236 0.674 0.710  1.205 
it: 9.100 39.826 9.00e-06 1.952 3.079 0.834 0.876  1.059 2.200 0.669 0.730  1.232 
it: 9.110 39.869 8.90e-06 1.998 2.997 0.823 0.876  1.072 2.122 0.682 0.739  1.215 
it: 9.120 39.913 8.80e-06 1.867 3.007 0.824 0.861  1.108 2.210 0.673 0.717  1.205 
it: 9.130 39.957 8.70e-06 1.931 3.312 0.831 0.881  1.046 2.293 0.686 0.721  1.202 
it: 9.140 40.001 8.60e-06 2.279 3.216 0.821 0.875  1.190 2.132 0.667 0.711  1.220 
it: 9.150 40.044 8.50e-06 1.912 3.166 0.829 0.883  1.211 2.203 0.697 0.745  1.227 
it: 9.160 40.088 8.40e-06 1.959 3.548 0.843 0.890  1.075 2.440 0.688 0.742  1.195 
it: 9.170 40.132 8.30e-06 2.092 3.279 0.821 0.873  1.115 2.250 0.675 0.710  1.214 
it: 9.180 40.176 8.20e-06 2.010 3.238 0.831 0.877  1.034 2.381 0.692 0.714  1.197 
it: 9.190 40.219 8.10e-06 1.893 3.642 0.823 0.873  1.077 2.870 0.667 0.722  1.212 
it: 9.200 40.263 8.00e-06 1.898 3.274 0.842 0.874  1.079 2.199 0.685 0.710  1.203 
it: 9.210 40.307 7.90e-06 1.961 3.545 0.826 0.868  1.123 2.683 0.690 0.735  1.221 
it: 9.220 40.351 7.80e-06 2.352 3.282 0.807 0.871  1.174 2.351 0.679 0.720  1.190 
it: 9.230 40.394 7.70e-06 1.862 3.500 0.833 0.866  1.069 2.938 0.654 0.715  1.190 
it: 9.240 40.438 7.60e-06 2.383 3.006 0.851 0.859  1.187 2.052 0.683 0.724  1.200 
it: 9.250 40.482 7.50e-06 1.954 3.037 0.821 0.901  1.051 2.280 0.669 0.729  1.174 
it: 9.260 40.525 7.40e-06 2.124 3.087 0.821 0.851  1.196 2.162 0.662 0.707  1.204 
it: 9.270 40.569 7.30e-06 1.848 3.227 0.804 0.871  1.057 2.314 0.667 0.712  1.200 
it: 9.280 40.612 7.20e-06 1.851 3.350 0.818 0.886  1.044 2.278 0.665 0.711  1.191 
it: 9.290 40.657 7.10e-06 1.924 3.149 0.825 0.862  1.072 2.285 0.670 0.713  1.172 
it: 9.300 40.700 7.00e-06 2.000 3.140 0.840 0.867  1.109 2.311 0.680 0.733  1.191 
it: 9.310 40.744 6.90e-06 2.004 3.448 0.824 0.864  1.192 2.173 0.676 0.720  1.189 
it: 9.320 40.788 6.80e-06 2.120 3.384 0.826 0.878  1.117 2.397 0.654 0.711  1.189 
it: 9.330 40.832 6.70e-06 1.931 2.980 0.806 0.864  1.004 2.199 0.652 0.707  1.186 
it: 9.340 40.876 6.60e-06 2.145 3.425 0.830 0.885  1.057 2.423 0.678 0.721  1.189 
it: 9.350 40.920 6.50e-06 1.772 3.383 0.832 0.875  1.020 2.165 0.660 0.702  1.182 
it: 9.360 40.964 6.40e-06 2.014 3.071 0.830 0.884  1.051 2.151 0.692 0.715  1.191 
it: 9.370 41.008 6.30e-06 2.107 3.385 0.829 0.859  1.056 2.136 0.667 0.696  1.186 
it: 9.380 41.051 6.20e-06 1.933 3.110 0.831 0.868  1.151 2.111 0.664 0.718  1.186 
it: 9.390 41.095 6.10e-06 1.765 3.330 0.803 0.865  1.145 2.171 0.672 0.712  1.186 
it: 9.400 41.139 6.00e-06 2.157 3.059 0.827 0.864  1.034 2.039 0.674 0.721  1.185 
it: 9.410 41.183 5.90e-06 1.969 3.330 0.817 0.876  1.128 2.087 0.664 0.711  1.177 
it: 9.420 41.226 5.80e-06 1.941 3.126 0.803 0.860  1.056 2.160 0.657 0.707  1.165 
it: 9.430 41.270 5.70e-06 2.048 3.027 0.839 0.860  1.108 2.165 0.672 0.703  1.179 
it: 9.440 41.313 5.60e-06 1.903 3.304 0.826 0.869  1.041 2.109 0.667 0.718  1.185 
it: 9.450 41.356 5.50e-06 1.886 3.147 0.823 0.866  1.036 2.162 0.653 0.723  1.184 
it: 9.460 41.400 5.40e-06 2.265 3.220 0.826 0.861  1.029 2.144 0.667 0.704  1.174 
it: 9.470 41.444 5.30e-06 2.187 3.277 0.835 0.861  1.063 2.174 0.670 0.710  1.175 
it: 9.480 41.488 5.20e-06 2.386 3.139 0.810 0.869  1.061 2.322 0.678 0.721  1.170 
it: 9.490 41.533 5.10e-06 1.861 3.177 0.832 0.845  0.985 2.338 0.662 0.701  1.161 
it: 9.500 41.577 5.00e-06 1.925 3.403 0.833 0.876  1.034 2.171 0.673 0.719  1.163 
it: 9.510 41.621 4.90e-06 2.123 2.979 0.814 0.871  1.003 2.258 0.671 0.710  1.175 
it: 9.520 41.665 4.80e-06 2.124 3.311 0.826 0.840  1.246 2.213 0.670 0.715  1.168 
it: 9.530 41.710 4.70e-06 1.871 3.502 0.823 0.863  1.038 2.387 0.659 0.705  1.164 
it: 9.540 41.753 4.60e-06 1.867 3.049 0.825 0.854  1.035 2.142 0.667 0.709  1.166 
it: 9.550 41.797 4.50e-06 2.125 3.100 0.799 0.861  1.005 2.260 0.651 0.709  1.165 
it: 9.560 41.840 4.40e-06 1.915 3.472 0.825 0.871  0.992 2.311 0.661 0.713  1.154 
it: 9.570 41.884 4.30e-06 2.064 3.407 0.811 0.860  1.082 2.520 0.662 0.709  1.156 
it: 9.580 41.928 4.20e-06 2.113 3.221 0.823 0.852  1.013 2.445 0.652 0.706  1.158 
it: 9.590 41.971 4.10e-06 1.836 3.076 0.818 0.862  1.060 2.219 0.669 0.727  1.162 
it: 9.600 42.015 4.00e-06 1.867 3.238 0.811 0.860  1.033 2.107 0.665 0.714  1.167 
it: 9.610 42.059 3.90e-06 2.025 3.097 0.814 0.864  1.129 2.160 0.660 0.714  1.153 
it: 9.620 42.103 3.80e-06 1.961 3.175 0.837 0.867  1.071 2.399 0.682 0.714  1.158 
it: 9.630 42.146 3.70e-06 1.952 3.209 0.811 0.872  1.048 2.193 0.676 0.712  1.156 
it: 9.640 42.190 3.60e-06 1.832 3.181 0.811 0.863  1.026 2.269 0.651 0.706  1.165 
it: 9.650 42.233 3.50e-06 1.880 3.516 0.793 0.879  1.065 2.376 0.644 0.716  1.155 
it: 9.660 42.277 3.40e-06 2.141 3.115 0.806 0.862  1.064 2.132 0.658 0.717  1.149 
it: 9.670 42.320 3.30e-06 2.076 2.991 0.847 0.859  1.083 2.044 0.652 0.709  1.162 
it: 9.680 42.364 3.20e-06 1.857 3.367 0.820 0.858  0.991 2.363 0.655 0.701  1.153 
it: 9.690 42.408 3.10e-06 1.789 2.936 0.820 0.862  1.033 2.185 0.675 0.700  1.162 
it: 9.700 42.452 3.00e-06 1.942 2.794 0.821 0.855  1.058 2.168 0.645 0.707  1.153 
it: 9.710 42.496 2.90e-06 1.885 3.456 0.797 0.875  1.070 2.263 0.647 0.710  1.148 
it: 9.720 42.540 2.80e-06 1.774 3.390 0.823 0.865  1.029 2.187 0.676 0.711  1.151 
it: 9.730 42.584 2.70e-06 1.921 2.977 0.806 0.864  1.005 2.162 0.664 0.707  1.151 
it: 9.740 42.628 2.60e-06 1.945 3.199 0.806 0.868  1.010 2.230 0.652 0.707  1.161 
it: 9.750 42.671 2.50e-06 1.933 3.356 0.823 0.863  1.157 2.178 0.655 0.709  1.147 
it: 9.760 42.715 2.40e-06 1.928 3.256 0.804 0.879  1.074 2.332 0.654 0.706  1.153 
it: 9.770 42.759 2.30e-06 1.822 2.956 0.831 0.850  1.019 2.134 0.660 0.699  1.151 
it: 9.780 42.802 2.20e-06 1.865 3.597 0.808 0.870  1.022 2.634 0.661 0.714  1.152 
it: 9.790 42.846 2.10e-06 2.074 3.042 0.806 0.870  1.017 2.119 0.654 0.700  1.142 
it: 9.800 42.889 2.00e-06 2.202 3.169 0.834 0.858  1.047 2.215 0.655 0.702  1.136 
it: 9.810 42.933 1.90e-06 1.874 3.239 0.830 0.847  1.068 2.135 0.671 0.708  1.144 
it: 9.820 42.977 1.80e-06 2.103 3.631 0.827 0.854  1.023 2.118 0.660 0.702  1.139 
it: 9.830 43.021 1.70e-06 1.939 3.131 0.814 0.853  1.016 2.127 0.673 0.703  1.144 
it: 9.840 43.065 1.60e-06 1.936 3.351 0.799 0.846  1.038 2.211 0.670 0.691  1.141 
it: 9.850 43.108 1.50e-06 2.025 3.157 0.803 0.855  1.019 2.139 0.664 0.712  1.135 
it: 9.860 43.151 1.40e-06 2.100 2.906 0.814 0.849  1.004 2.163 0.650 0.707  1.144 
it: 9.870 43.195 1.30e-06 1.876 3.384 0.822 0.864  1.092 2.079 0.671 0.703  1.134 
it: 9.880 43.239 1.20e-06 1.836 3.324 0.809 0.857  1.071 2.310 0.660 0.717  1.124 
it: 9.890 43.282 1.10e-06 2.169 3.145 0.823 0.876  1.075 2.173 0.666 0.711  1.145 
it: 9.900 43.326 1.00e-06 2.077 3.305 0.827 0.854  0.997 2.215 0.644 0.701  1.137 
it: 9.910 43.369 9.00e-07 2.022 3.032 0.813 0.862  1.024 2.066 0.660 0.700  1.130 
it: 9.920 43.413 8.00e-07 1.934 3.017 0.819 0.864  1.025 2.191 0.658 0.705  1.145 
it: 9.930 43.457 7.00e-07 2.050 3.013 0.835 0.847  1.068 2.141 0.665 0.704  1.123 
it: 9.940 43.501 6.00e-07 1.896 3.016 0.829 0.839  1.097 2.132 0.659 0.701  1.129 
it: 9.950 43.544 5.00e-07 2.353 2.942 0.825 0.851  1.040 1.947 0.666 0.698  1.129 
it: 9.960 43.589 4.00e-07 1.895 3.011 0.813 0.843  1.210 2.137 0.660 0.693  1.121 
it: 9.970 43.632 3.00e-07 2.080 3.031 0.789 0.856  1.021 1.992 0.659 0.713  1.136 
it: 9.980 43.676 2.00e-07 1.831 3.620 0.809 0.858  0.968 2.197 0.660 0.697  1.135 
it: 9.990 43.720 1.00e-07 1.850 3.016 0.807 0.860  1.009 2.197 0.654 0.707  1.120 
it: 10.000 43.763 1.30e-17 1.956 3.006 0.799 0.861  1.027 2.119 0.656 0.698  1.125 
