A    0.000000    -0.142312  0.01     0.000000    -0.007748  0.01     0.000000     0.020073  0.01
iteration: 200 1.77997331192 2.00962419605 0.907503154376 1.10590662789 time 0:00:38.090111
A   -5.056063    -0.142312  0.01     0.860610    -0.007748  0.01    -8.675051     0.020075  0.01
iteration: 300 1.86765867553 1.92826722653 0.918244824118 1.08923429079 time 0:00:38.587646
A   -2.265114    -0.142313  0.01     2.340479    -0.007748  0.01    23.137000     0.020077  0.01
iteration: 400 1.75451954478 1.94908664252 0.898754116465 1.09612744639 time 0:00:37.524109
A   -0.215929    -0.142313  0.01     2.432632    -0.007748  0.01    13.330695     0.020078  0.01
iteration: 500 1.82005828712 1.93566076096 0.893834196 1.07516026204 time 0:00:37.228145
A   -0.782753    -0.142313  0.01     1.653369    -0.007748  0.01     9.117474     0.020077  0.01
iteration: 600 1.79169204661 1.92011094242 0.921730571317 1.07397478245 time 0:00:37.023742
A   -1.571305    -0.142313  0.01     1.266790    -0.007748  0.01    -5.376380     0.020076  0.01
iteration: 700 1.8107446021 1.9558731472 0.924860562349 1.09378741343 time 0:00:38.493997
A   -0.296265    -0.142313  0.01    -0.530421    -0.007748  0.01    -9.267827     0.020073  0.01
iteration: 800 1.80672210229 1.95057145403 0.933033885529 1.09180662878 time 0:00:38.881635
A    1.390731    -0.142312  0.01     0.162816    -0.007748  0.01   -34.388352     0.020074  0.01
iteration: 900 1.83520824009 1.92955960591 0.93130773058 1.07471791915 time 0:00:36.942012
A    2.303774    -0.142312  0.01     0.960568    -0.007748  0.01    15.196322     0.020073  0.01
iteration: 1000 1.82664411637 2.00666466157 0.915079496918 1.083587141 time 0:00:38.924352
A    1.558915    -0.142312  0.01    -0.164680    -0.007747  0.01   -14.304100     0.020071  0.01
iteration: 1100 1.8374543632 1.96386531124 0.935264882124 1.09739961661 time 0:00:36.858650
A    0.925248    -0.142312  0.01     3.015530    -0.007747  0.01   -13.945641     0.020073  0.01
iteration: 1200 1.83156207526 1.94059067091 0.911384272767 1.11401087542 time 0:00:36.907864
A   -0.030535    -0.142312  0.01     1.286599    -0.007747  0.01    19.946478     0.020072  0.01
iteration: 1300 1.81431059534 1.97046540639 0.911677191293 1.06143684032 time 0:00:35.877193
A    2.940498    -0.142311  0.01    -0.654089    -0.007747  0.01   -11.018460     0.020073  0.01
iteration: 1400 1.82870646357 1.942580071 0.931642214422 1.09020765226 time 0:00:37.144121
A    2.088023    -0.142311  0.01     3.250730    -0.007747  0.01    12.850468     0.020070  0.01
iteration: 1500 1.78858396538 2.00583765699 0.922377434449 1.07061415727 time 0:00:38.275797
A    2.018734    -0.142311  0.01    -0.834535    -0.007747  0.01   -32.039283     0.020068  0.01

